C:\Python27\python.exe C:/Users/Mihika/PycharmProjects/imdbdatabasedmovieretrieval/Phase2/Task2c.py
[unfolded_dtensor([[  1.98418486e-27,  -6.13806425e-33,  -3.12222930e-51,
                     2.46635079e-34,   2.72113399e-50],
                  [ -1.06815596e-49,  -1.08317305e-18,   1.00000000e+00,
                     4.90605962e-17,   1.38649124e-16],
                  [ -1.01683513e-32,  -2.83092765e-18,  -1.11019645e-16,
                     5.70902961e-15,   1.00000000e+00],
                  [  3.53350697e-28,   1.00000000e+00,   9.59672306e-19,
                    -3.16165275e-17,  -4.43321213e-18],
                  [  3.37529609e-41,   5.65380487e-23,   5.42517480e-41,
                    -1.78750588e-39,   5.41085791e-30],
                  [ -1.91641563e-81,   8.32966817e-58,   1.47210244e-40,
                    -1.18653497e-40,   2.04105718e-56],
                  [  1.00000000e+00,   3.48657130e-31,  -1.57456635e-48,
                    -3.92972496e-40,   1.70408473e-32],
                  [  2.87593460e-40,   8.84433320e-27,   3.02120518e-18,
                     1.00000000e+00,  -3.93983034e-24],
                  [  2.05087674e-66,   4.12954594e-51,   8.90184030e-49,
                     6.48758008e-32,  -1.45872515e-33]]), unfolded_dtensor([[  0.00000000e+00,   0.00000000e+00,   0.00000000e+00,
                     0.00000000e+00,   0.00000000e+00],
                  [  0.00000000e+00,   0.00000000e+00,   0.00000000e+00,
                     0.00000000e+00,   0.00000000e+00],
                  [  1.56660122e-42,   3.50464784e-20,  -8.95001510e-19,
                     5.13961373e-01,   8.84591682e-25],
                  [ -1.41489001e-30,   1.00000000e+00,  -9.67752432e-21,
                     1.23612952e-19,   1.42705382e-19],
                  [  1.05455566e-50,  -7.45326950e-21,   3.24274497e-02,
                    -1.02189649e-19,  -1.39750664e-28],
                  [  2.76896284e-55,  -1.95701620e-25,   8.71444416e-03,
                    -2.74621039e-20,  -3.75561252e-29],
                  [  0.00000000e+00,   0.00000000e+00,   0.00000000e+00,
                     0.00000000e+00,   0.00000000e+00],
                  [ -1.06610169e-32,   7.53487321e-03,  -7.29189187e-23,
                     9.31407920e-22,   1.07526696e-21],
                  [  7.10788326e-01,   1.00470474e-30,   1.01001128e-62,
                    -2.16654782e-42,   3.10131993e-34],
                  [  4.16546443e-01,   5.88791588e-31,   5.91901401e-63,
                    -1.26967165e-42,   1.81748031e-34],
                  [  0.00000000e+00,   0.00000000e+00,   0.00000000e+00,
                     0.00000000e+00,   0.00000000e+00],
                  [  1.73696301e-63,  -1.22763112e-33,   1.18804300e-53,
                    -1.51751713e-52,  -1.75189568e-52],
                  [  6.89706733e-55,  -4.87463115e-25,   2.17063614e-02,
                    -6.84039442e-20,  -9.35466236e-29],
                  [  5.27008693e-55,  -3.72473236e-25,   1.65859497e-02,
                    -5.22678285e-20,  -7.14794875e-29],
                  [ -2.14476143e-34,   1.46257826e-20,   4.02409495e-17,
                    -5.98806373e-25,   4.91555667e-01],
                  [  0.00000000e+00,   0.00000000e+00,   0.00000000e+00,
                     0.00000000e+00,   0.00000000e+00],
                  [  9.76773056e-68,  -6.66091351e-54,  -1.83266421e-50,
                     2.87651031e-48,  -2.23865613e-34],
                  [  6.56638424e-28,  -3.12610133e-35,   3.02529217e-55,
                    -3.86428157e-54,  -4.46111456e-54],
                  [  0.00000000e+00,   0.00000000e+00,   0.00000000e+00,
                     0.00000000e+00,   0.00000000e+00],
                  [  0.00000000e+00,   0.00000000e+00,   0.00000000e+00,
                     0.00000000e+00,   0.00000000e+00],
                  [  4.02856230e-74,   9.01230768e-52,  -2.30152339e-50,
                     1.32166718e-32,   2.27475418e-56],
                  [  6.58254009e-55,  -4.65233314e-25,   2.07164854e-02,
                    -6.52845164e-20,  -8.92806131e-29],
                  [  5.44747016e-55,  -3.85010127e-25,   1.71442079e-02,
                    -5.40270852e-20,  -7.38853799e-29],
                  [  5.97323878e-01,   8.46097579e-31,  -1.71843065e-53,
                    -5.71183161e-41,   2.60625052e-34],
                  [  4.93999147e-01,   6.98271579e-31,   2.14092085e-49,
                    -1.50575458e-42,   2.83074345e-33],
                  [  9.61918898e-55,  -6.79854146e-25,   3.02733876e-02,
                    -9.54014851e-20,  -1.30467430e-28],
                  [ -3.43249553e-64,   5.62194104e-47,   6.44019784e-47,
                    -1.03342162e-54,   7.86690123e-31],
                  [  2.48386132e-42,   5.55665291e-20,  -1.41903352e-18,
                     8.14890707e-01,   1.40252863e-24],
                  [ -2.79425096e-34,   1.90548499e-20,   5.24269554e-17,
                    -7.80140514e-25,   6.40411506e-01],
                  [  0.00000000e+00,   0.00000000e+00,   0.00000000e+00,
                     0.00000000e+00,   0.00000000e+00],
                  [  1.39943644e-42,   3.13068306e-20,  -1.95274219e-19,
                     4.59118930e-01,   7.90200991e-25],
                  [  3.88532144e-45,   8.69186314e-23,  -2.21968968e-21,
                     1.27467355e-03,   2.19387231e-27],
                  [  1.51435419e-76,   3.38776587e-54,  -8.65152708e-53,
                     4.96820472e-35,   8.55090053e-59],
                  [  4.59858619e-42,   5.89329971e-47,   4.30425394e-43,
                    -1.13799309e-54,   8.66293916e-31],
                  [  9.25374062e-68,  -6.31040809e-54,  -1.73622718e-50,
                     2.72514481e-48,  -2.12085530e-34],
                  [  0.00000000e+00,   0.00000000e+00,   0.00000000e+00,
                     0.00000000e+00,   0.00000000e+00],
                  [  3.17738226e-53,  -2.24567304e-23,   9.99981110e-01,
                     2.47988997e-18,  -4.30955951e-27],
                  [  0.00000000e+00,   0.00000000e+00,   0.00000000e+00,
                     0.00000000e+00,   0.00000000e+00],
                  [ -5.08923910e-83,   3.89494068e-60,   1.39907397e-42,
                    -1.66964759e-41,  -2.87427488e-65],
                  [  1.00820771e-54,  -7.12569628e-25,   3.17301832e-02,
                    -9.99923310e-20,  -1.36745696e-28],
                  [  1.48572772e-42,   3.32372552e-20,  -8.48798367e-19,
                     4.87428869e-01,   8.38925931e-25],
                  [  0.00000000e+00,   0.00000000e+00,   0.00000000e+00,
                     0.00000000e+00,   0.00000000e+00],
                  [ -2.49262096e-34,   1.69979429e-20,   4.67676417e-17,
                    -6.95926967e-25,   5.71281235e-01],
                  [  6.33029693e-95,  -4.47405558e-65,   1.99226289e-42,
                    -6.27828115e-60,  -8.58593770e-69],
                  [  5.92562915e-01,   8.37592219e-31,   8.42016120e-63,
                    -1.80618595e-42,   2.58547743e-34],
                  [  0.00000000e+00,   0.00000000e+00,   0.00000000e+00,
                     0.00000000e+00,   0.00000000e+00],
                  [  4.44547437e-95,  -3.14192204e-65,   1.39907397e-42,
                    -4.40894610e-60,  -6.02950642e-69],
                  [ -3.41998281e-32,   2.41713687e-02,   8.88672708e-21,
                    -4.44597148e-18,   3.44938440e-21],
                  [  0.00000000e+00,   0.00000000e+00,   0.00000000e+00,
                     0.00000000e+00,   0.00000000e+00],
                  [  6.61872224e-01,   9.37337161e-31,   2.02809113e-49,
                    -2.01744707e-42,   2.76637494e-33],
                  [  1.11205631e-28,   2.03719036e-02,  -1.97149593e-22,
                    -4.44644114e-18,   2.90718029e-21],
                  [ -3.28027673e-32,   2.31839698e-02,  -2.24363431e-22,
                     2.86583895e-21,   3.30847727e-21],
                  [  9.26229096e-51,  -6.54629749e-21,   3.80156686e-02,
                     6.78382344e-18,  -1.63833881e-28],
                  [  5.44969812e-01,   7.70319004e-31,   7.74387588e-63,
                    -1.66111782e-42,   2.37781865e-34],
                  [ -1.87070769e-34,   1.27569265e-20,   3.50990337e-17,
                    -5.22291976e-25,   4.28745572e-01],
                  [  1.93952696e-95,  -1.37079690e-65,   6.10405427e-43,
                    -1.92358995e-60,  -2.63062821e-69],
                  [  0.00000000e+00,   0.00000000e+00,   0.00000000e+00,
                     0.00000000e+00,   0.00000000e+00],
                  [  8.93419134e-43,   1.99867037e-20,  -5.10411626e-19,
                     2.93107729e-01,   5.04474991e-25],
                  [ -2.20755541e-55,   1.56023111e-25,  -1.50991745e-45,
                     1.92864773e-44,   2.22653377e-44],
                  [ -3.19973338e-53,   2.26147146e-23,  -2.18854450e-43,
                     2.79547163e-42,   3.22724148e-42],
                  [  2.07152387e-42,   4.63421168e-20,  -1.18346454e-18,
                     6.79613446e-01,   1.16969958e-24],
                  [ -1.41482683e-30,   9.99955347e-01,  -9.67709218e-21,
                     1.23607432e-19,   1.42699010e-19],
                  [  3.82844778e-43,   8.56463093e-21,  -2.18719768e-19,
                     1.25601478e-01,   2.16175822e-25],
                  [  4.83889156e-01,   6.83981028e-31,   6.87593603e-63,
                    -1.47493840e-42,   2.11131082e-34],
                  [ -1.52363215e-33,   1.82650268e-20,   5.02538593e-17,
                    -7.47803708e-25,   6.13866464e-01],
                  [  3.17744056e-53,  -2.24571546e-23,   1.00000000e+00,
                    -3.15133167e-18,  -4.30964092e-27],
                  [  5.79274746e-01,   8.18809290e-31,   8.23133986e-63,
                    -1.76568240e-42,   2.52749834e-34],
                  [ -3.89393965e-32,   2.75211474e-02,   7.51359479e-21,
                     3.40197027e-21,   3.92741585e-21],
                  [  4.46622742e-41,   3.83811664e-20,  -9.51448016e-19,
                     5.62865024e-01,   9.68760971e-25],
                  [  0.00000000e+00,   0.00000000e+00,   0.00000000e+00,
                     0.00000000e+00,   0.00000000e+00],
                  [  0.00000000e+00,   0.00000000e+00,   0.00000000e+00,
                     0.00000000e+00,   0.00000000e+00],
                  [  0.00000000e+00,   0.00000000e+00,   0.00000000e+00,
                     0.00000000e+00,   0.00000000e+00],
                  [ -8.61539289e-35,   5.87509929e-21,   1.61645759e-17,
                    -2.40537344e-25,   1.97455304e-01],
                  [ -1.93628603e-33,   1.73038988e-20,   4.76094397e-17,
                    -7.08453362e-25,   5.81564059e-01],
                  [ -1.56181932e-32,   1.10384504e-02,  -1.06824872e-22,
                     1.36449543e-21,   1.57524627e-21],
                  [ -2.40945038e-32,   1.70292416e-02,  -1.64800899e-22,
                     2.10503482e-21,   2.43016442e-21],
                  [  0.00000000e+00,   0.00000000e+00,   0.00000000e+00,
                     0.00000000e+00,   0.00000000e+00],
                  [  0.00000000e+00,   0.00000000e+00,   0.00000000e+00,
                     0.00000000e+00,   0.00000000e+00],
                  [  2.27064985e-78,  -1.60751377e-48,   2.32525811e-43,
                    -7.32766152e-61,   8.72138401e-48],
                  [  2.45602401e-42,   5.49437799e-20,  -1.40313002e-18,
                     8.05758006e-01,   1.38681011e-24],
                  [ -2.25078473e-34,   1.53487879e-20,   4.22302049e-17,
                    -6.28407534e-25,   5.15855039e-01],
                  [ -2.59826601e-34,   1.77183687e-20,   4.87498001e-17,
                    -7.25422521e-25,   5.95493915e-01],
                  [ -3.62315013e-64,   5.93420623e-47,   6.79791231e-47,
                    -1.09082200e-54,   8.30386053e-31],
                  [ -1.81558164e-34,   1.23810052e-20,   3.40647347e-17,
                    -5.06901067e-25,   4.16111290e-01],
                  [  0.00000000e+00,   0.00000000e+00,   0.00000000e+00,
                     0.00000000e+00,   0.00000000e+00],
                  [ -3.05949269e-32,   2.16235373e-02,  -2.09262308e-22,
                     2.67294928e-21,   3.08579515e-21]]), unfolded_dtensor([[  0.00000000e+000,   0.00000000e+000,   0.00000000e+000,
                     0.00000000e+000,   0.00000000e+000],
                  [  2.36253131e-083,   1.68895554e-037,   4.83748599e-018,
                     4.32183494e-002,  -7.42845562e-034],
                  [  2.08837014e-067,   5.72103224e-025,  -2.33726408e-033,
                     3.93322285e-018,   1.90363350e-001],
                  ..., 
                  [  2.41077748e-067,   6.60425824e-025,  -2.69809623e-033,
                     4.54044275e-018,   2.19752077e-001],
                  [  1.02360476e-103,  -1.03808588e-086,   4.71931864e-085,
                     4.21626362e-069,  -7.24699746e-101],
                  [  0.00000000e+000,   0.00000000e+000,   0.00000000e+000,
                     0.00000000e+000,   0.00000000e+000]])]
Latent Semantic for Year sorted by LS1
   year           ls1           ls2           ls3           ls4           ls5
6  2006  1.000000e+00  3.486571e-31 -1.574566e-48 -3.929725e-40  1.704085e-32
0  2000  1.984185e-27 -6.138064e-33 -3.122229e-51  2.466351e-34  2.721134e-50
3  2003  3.533507e-28  1.000000e+00  9.596723e-19 -3.161653e-17 -4.433212e-18
7  2007  2.875935e-40  8.844333e-27  3.021205e-18  1.000000e+00 -3.939830e-24
4  2004  3.375296e-41  5.653805e-23  5.425175e-41 -1.787506e-39  5.410858e-30
8  2008  2.050877e-66  4.129546e-51  8.901840e-49  6.487580e-32 -1.458725e-33
5  2005 -1.916416e-81  8.329668e-58  1.472102e-40 -1.186535e-40  2.041057e-56
1  2001 -1.068156e-49 -1.083173e-18  1.000000e+00  4.906060e-17  1.386491e-16
2  2002 -1.016835e-32 -2.830928e-18 -1.110196e-16  5.709030e-15  1.000000e+00
Latent Semantic for Year sorted by LS2
   year           ls1           ls2           ls3           ls4           ls5
3  2003  3.533507e-28  1.000000e+00  9.596723e-19 -3.161653e-17 -4.433212e-18
4  2004  3.375296e-41  5.653805e-23  5.425175e-41 -1.787506e-39  5.410858e-30
7  2007  2.875935e-40  8.844333e-27  3.021205e-18  1.000000e+00 -3.939830e-24
6  2006  1.000000e+00  3.486571e-31 -1.574566e-48 -3.929725e-40  1.704085e-32
8  2008  2.050877e-66  4.129546e-51  8.901840e-49  6.487580e-32 -1.458725e-33
5  2005 -1.916416e-81  8.329668e-58  1.472102e-40 -1.186535e-40  2.041057e-56
0  2000  1.984185e-27 -6.138064e-33 -3.122229e-51  2.466351e-34  2.721134e-50
1  2001 -1.068156e-49 -1.083173e-18  1.000000e+00  4.906060e-17  1.386491e-16
2  2002 -1.016835e-32 -2.830928e-18 -1.110196e-16  5.709030e-15  1.000000e+00
Latent Semantic for Year sorted by LS3
   year           ls1           ls2           ls3           ls4           ls5
1  2001 -1.068156e-49 -1.083173e-18  1.000000e+00  4.906060e-17  1.386491e-16
7  2007  2.875935e-40  8.844333e-27  3.021205e-18  1.000000e+00 -3.939830e-24
3  2003  3.533507e-28  1.000000e+00  9.596723e-19 -3.161653e-17 -4.433212e-18
5  2005 -1.916416e-81  8.329668e-58  1.472102e-40 -1.186535e-40  2.041057e-56
4  2004  3.375296e-41  5.653805e-23  5.425175e-41 -1.787506e-39  5.410858e-30
8  2008  2.050877e-66  4.129546e-51  8.901840e-49  6.487580e-32 -1.458725e-33
0  2000  1.984185e-27 -6.138064e-33 -3.122229e-51  2.466351e-34  2.721134e-50
6  2006  1.000000e+00  3.486571e-31 -1.574566e-48 -3.929725e-40  1.704085e-32
2  2002 -1.016835e-32 -2.830928e-18 -1.110196e-16  5.709030e-15  1.000000e+00
Latent Semantic for Year sorted by LS4
   year           ls1           ls2           ls3           ls4           ls5
7  2007  2.875935e-40  8.844333e-27  3.021205e-18  1.000000e+00 -3.939830e-24
2  2002 -1.016835e-32 -2.830928e-18 -1.110196e-16  5.709030e-15  1.000000e+00
1  2001 -1.068156e-49 -1.083173e-18  1.000000e+00  4.906060e-17  1.386491e-16
8  2008  2.050877e-66  4.129546e-51  8.901840e-49  6.487580e-32 -1.458725e-33
0  2000  1.984185e-27 -6.138064e-33 -3.122229e-51  2.466351e-34  2.721134e-50
5  2005 -1.916416e-81  8.329668e-58  1.472102e-40 -1.186535e-40  2.041057e-56
6  2006  1.000000e+00  3.486571e-31 -1.574566e-48 -3.929725e-40  1.704085e-32
4  2004  3.375296e-41  5.653805e-23  5.425175e-41 -1.787506e-39  5.410858e-30
3  2003  3.533507e-28  1.000000e+00  9.596723e-19 -3.161653e-17 -4.433212e-18
Latent Semantic for Year sorted by LS5
   year           ls1           ls2           ls3           ls4           ls5
2  2002 -1.016835e-32 -2.830928e-18 -1.110196e-16  5.709030e-15  1.000000e+00
1  2001 -1.068156e-49 -1.083173e-18  1.000000e+00  4.906060e-17  1.386491e-16
4  2004  3.375296e-41  5.653805e-23  5.425175e-41 -1.787506e-39  5.410858e-30
6  2006  1.000000e+00  3.486571e-31 -1.574566e-48 -3.929725e-40  1.704085e-32
0  2000  1.984185e-27 -6.138064e-33 -3.122229e-51  2.466351e-34  2.721134e-50
5  2005 -1.916416e-81  8.329668e-58  1.472102e-40 -1.186535e-40  2.041057e-56
8  2008  2.050877e-66  4.129546e-51  8.901840e-49  6.487580e-32 -1.458725e-33
7  2007  2.875935e-40  8.844333e-27  3.021205e-18  1.000000e+00 -3.939830e-24
3  2003  3.533507e-28  1.000000e+00  9.596723e-19 -3.161653e-17 -4.433212e-18
Latent semantic for movie sorted by LS1
                                     movie           ls1           ls2  \
8                               Half Light  7.107883e-01  1.004705e-30   
49                                Bandidas  6.618722e-01  9.373372e-31   
23                     Big Momma's House 2  5.973239e-01  8.460976e-31   
44                             Eight Below  5.925629e-01  8.375922e-31   
66                  Madea's Family Reunion  5.792747e-01  8.188093e-31   
53                             Ultraviolet  5.449698e-01  7.703190e-31   
24                   When a Stranger Calls  4.939991e-01  6.982716e-31   
63                               Annapolis  4.838892e-01  6.839810e-31   
9                           Over the Hedge  4.165464e-01  5.887916e-31   
17                          Chain of Fools  6.566384e-28 -3.126101e-35   
50                       National Security  1.112056e-28  2.037190e-02   
68                               Wild Hogs  4.466227e-41  3.838117e-20   
33                                 Godsend  4.598586e-42  5.893300e-47   
27                              Epic Movie  2.483861e-42  5.556653e-20   
79                                  Zodiac  2.456024e-42  5.494378e-20   
60                         Freedom Writers  2.071524e-42  4.634212e-20   
2                                 Hot Fuzz  1.566601e-42  3.504648e-20   
40                         Hannibal Rising  1.485728e-42  3.323726e-20   
30                                  Breach  1.399436e-42  3.130683e-20   
57                                Waitress  8.934191e-43  1.998670e-20   
62                          Stomp the Yard  3.828448e-43  8.564631e-21   
31                              United 300  3.885321e-45  8.691863e-23   
4                       Enemy at the Gates  1.054556e-50 -7.453269e-21   
52                               Swordfish  9.262291e-51 -6.546297e-21   
65                           Texas Rangers  3.177441e-53 -2.245715e-23   
36                               Antitrust  3.177382e-53 -2.245673e-23   
39                              15 Minutes  1.008208e-54 -7.125696e-25   
25                    Carman: The Champion  9.619189e-55 -6.798541e-25   
12                          Sweet November  6.897067e-55 -4.874631e-25   
21                                Hannibal  6.582540e-55 -4.652333e-25   
..                                     ...           ...           ...   
15                         Erin Brockovich  0.000000e+00  0.000000e+00   
41                      Digimon: The Movie  0.000000e+00  0.000000e+00   
18                            Smart People  0.000000e+00  0.000000e+00   
19                   Because of Winn-Dixie  0.000000e+00  0.000000e+00   
29                             Cloverfield  0.000000e+00  0.000000e+00   
37                               Boogeyman  0.000000e+00  0.000000e+00   
38                                 Be Cool -5.089239e-83  3.894941e-60   
26                          Catch That Kid -3.432496e-64  5.621941e-47   
82                                  Torque -3.623150e-64  5.934206e-47   
58                         Starsky & Hutch -2.207555e-55  1.560231e-25   
59  Agent Cody Banks 2: Destination London -3.199733e-53  2.261471e-23   
72                          State Property -8.615393e-35  5.875099e-21   
83                           Stolen Summer -1.815582e-34  1.238101e-20   
54                       Collateral Damage -1.870708e-34  1.275693e-20   
14                            Full Frontal -2.144761e-34  1.462578e-20   
80                              Scooby-Doo -2.250785e-34  1.534879e-20   
42                                 Ice Age -2.492621e-34  1.699794e-20   
81     Clubhouse Detectives in Big Trouble -2.598266e-34  1.771837e-20   
28                              Rollerball -2.794251e-34  1.905485e-20   
64                 All About the Benjamins -1.523632e-33  1.826503e-20   
73                              Panic Room -1.936286e-33  1.730390e-20   
7                      Final Destination 2 -1.066102e-32  7.534873e-03   
74                        Shanghai Knights -1.561819e-32  1.103845e-02   
75                               Daredevil -2.409450e-32  1.702924e-02   
85                                  Levity -3.059493e-32  2.162354e-02   
51                       What a Girl Wants -3.280277e-32  2.318397e-02   
47                                   Basic -3.419983e-32  2.417137e-02   
67        Sinbad: Legend of the Seven Seas -3.893940e-32  2.752115e-02   
61                           Kangaroo Jack -1.414827e-30  9.999553e-01   
3                       Cradle 2 the Grave -1.414890e-30  1.000000e+00   

             ls3           ls4           ls5  
8   1.010011e-62 -2.166548e-42  3.101320e-34  
49  2.028091e-49 -2.017447e-42  2.766375e-33  
23 -1.718431e-53 -5.711832e-41  2.606251e-34  
44  8.420161e-63 -1.806186e-42  2.585477e-34  
66  8.231340e-63 -1.765682e-42  2.527498e-34  
53  7.743876e-63 -1.661118e-42  2.377819e-34  
24  2.140921e-49 -1.505755e-42  2.830743e-33  
63  6.875936e-63 -1.474938e-42  2.111311e-34  
9   5.919014e-63 -1.269672e-42  1.817480e-34  
17  3.025292e-55 -3.864282e-54 -4.461115e-54  
50 -1.971496e-22 -4.446441e-18  2.907180e-21  
68 -9.514480e-19  5.628650e-01  9.687610e-25  
33  4.304254e-43 -1.137993e-54  8.662939e-31  
27 -1.419034e-18  8.148907e-01  1.402529e-24  
79 -1.403130e-18  8.057580e-01  1.386810e-24  
60 -1.183465e-18  6.796134e-01  1.169700e-24  
2  -8.950015e-19  5.139614e-01  8.845917e-25  
40 -8.487984e-19  4.874289e-01  8.389259e-25  
30 -1.952742e-19  4.591189e-01  7.902010e-25  
57 -5.104116e-19  2.931077e-01  5.044750e-25  
62 -2.187198e-19  1.256015e-01  2.161758e-25  
31 -2.219690e-21  1.274674e-03  2.193872e-27  
4   3.242745e-02 -1.021896e-19 -1.397507e-28  
52  3.801567e-02  6.783823e-18 -1.638339e-28  
65  1.000000e+00 -3.151332e-18 -4.309641e-27  
36  9.999811e-01  2.479890e-18 -4.309560e-27  
39  3.173018e-02 -9.999233e-20 -1.367457e-28  
25  3.027339e-02 -9.540149e-20 -1.304674e-28  
12  2.170636e-02 -6.840394e-20 -9.354662e-29  
21  2.071649e-02 -6.528452e-20 -8.928061e-29  
..           ...           ...           ...  
15  0.000000e+00  0.000000e+00  0.000000e+00  
41  0.000000e+00  0.000000e+00  0.000000e+00  
18  0.000000e+00  0.000000e+00  0.000000e+00  
19  0.000000e+00  0.000000e+00  0.000000e+00  
29  0.000000e+00  0.000000e+00  0.000000e+00  
37  0.000000e+00  0.000000e+00  0.000000e+00  
38  1.399074e-42 -1.669648e-41 -2.874275e-65  
26  6.440198e-47 -1.033422e-54  7.866901e-31  
82  6.797912e-47 -1.090822e-54  8.303861e-31  
58 -1.509917e-45  1.928648e-44  2.226534e-44  
59 -2.188545e-43  2.795472e-42  3.227241e-42  
72  1.616458e-17 -2.405373e-25  1.974553e-01  
83  3.406473e-17 -5.069011e-25  4.161113e-01  
54  3.509903e-17 -5.222920e-25  4.287456e-01  
14  4.024095e-17 -5.988064e-25  4.915557e-01  
80  4.223020e-17 -6.284075e-25  5.158550e-01  
42  4.676764e-17 -6.959270e-25  5.712812e-01  
81  4.874980e-17 -7.254225e-25  5.954939e-01  
28  5.242696e-17 -7.801405e-25  6.404115e-01  
64  5.025386e-17 -7.478037e-25  6.138665e-01  
73  4.760944e-17 -7.084534e-25  5.815641e-01  
7  -7.291892e-23  9.314079e-22  1.075267e-21  
74 -1.068249e-22  1.364495e-21  1.575246e-21  
75 -1.648009e-22  2.105035e-21  2.430164e-21  
85 -2.092623e-22  2.672949e-21  3.085795e-21  
51 -2.243634e-22  2.865839e-21  3.308477e-21  
47  8.886727e-21 -4.445971e-18  3.449384e-21  
67  7.513595e-21  3.401970e-21  3.927416e-21  
61 -9.677092e-21  1.236074e-19  1.426990e-19  
3  -9.677524e-21  1.236130e-19  1.427054e-19  

[86 rows x 6 columns]
Latent semantic for movie sorted by LS2
                                  movie           ls1           ls2  \
3                    Cradle 2 the Grave -1.414890e-30  1.000000e+00   
61                        Kangaroo Jack -1.414827e-30  9.999553e-01   
67     Sinbad: Legend of the Seven Seas -3.893940e-32  2.752115e-02   
47                                Basic -3.419983e-32  2.417137e-02   
51                    What a Girl Wants -3.280277e-32  2.318397e-02   
85                               Levity -3.059493e-32  2.162354e-02   
50                    National Security  1.112056e-28  2.037190e-02   
75                            Daredevil -2.409450e-32  1.702924e-02   
74                     Shanghai Knights -1.561819e-32  1.103845e-02   
7                   Final Destination 2 -1.066102e-32  7.534873e-03   
27                           Epic Movie  2.483861e-42  5.556653e-20   
79                               Zodiac  2.456024e-42  5.494378e-20   
60                      Freedom Writers  2.071524e-42  4.634212e-20   
68                            Wild Hogs  4.466227e-41  3.838117e-20   
2                              Hot Fuzz  1.566601e-42  3.504648e-20   
40                      Hannibal Rising  1.485728e-42  3.323726e-20   
30                               Breach  1.399436e-42  3.130683e-20   
57                             Waitress  8.934191e-43  1.998670e-20   
28                           Rollerball -2.794251e-34  1.905485e-20   
64              All About the Benjamins -1.523632e-33  1.826503e-20   
81  Clubhouse Detectives in Big Trouble -2.598266e-34  1.771837e-20   
73                           Panic Room -1.936286e-33  1.730390e-20   
42                              Ice Age -2.492621e-34  1.699794e-20   
80                           Scooby-Doo -2.250785e-34  1.534879e-20   
14                         Full Frontal -2.144761e-34  1.462578e-20   
54                    Collateral Damage -1.870708e-34  1.275693e-20   
83                        Stolen Summer -1.815582e-34  1.238101e-20   
62                       Stomp the Yard  3.828448e-43  8.564631e-21   
72                       State Property -8.615393e-35  5.875099e-21   
31                           United 300  3.885321e-45  8.691863e-23   
..                                  ...           ...           ...   
48               My Mom's New Boyfriend  0.000000e+00  0.000000e+00   
45                    Against the Ropes  0.000000e+00  0.000000e+00   
1                    Dungeons & Dragons  0.000000e+00  0.000000e+00   
41                   Digimon: The Movie  0.000000e+00  0.000000e+00   
6                              Scream 3  0.000000e+00  0.000000e+00   
37                            Boogeyman  0.000000e+00  0.000000e+00   
10                  Bigger Than the Sky  0.000000e+00  0.000000e+00   
15                      Erin Brockovich  0.000000e+00  0.000000e+00   
35                                Trois  0.000000e+00  0.000000e+00   
18                         Smart People  0.000000e+00  0.000000e+00   
29                          Cloverfield  0.000000e+00  0.000000e+00   
55                    Alone in the Dark  1.939527e-95 -1.370797e-65   
46                               Robots  4.445474e-95 -3.141922e-65   
43                          Constantine  6.330297e-95 -4.474056e-65   
34                         Nim's Island  9.253741e-68 -6.310408e-54   
16                         First Sunday  9.767731e-68 -6.660914e-54   
78                     Dawn of the Dead  2.270650e-78 -1.607514e-48   
17                       Chain of Fools  6.566384e-28 -3.126101e-35   
11                       Romeo Must Die  1.736963e-63 -1.227631e-33   
5                          Brigham City  2.768963e-55 -1.957016e-25   
13              3000 Miles to Graceland  5.270087e-55 -3.724732e-25   
22    Final Fantasy: The Spirits Within  5.447470e-55 -3.850101e-25   
21                             Hannibal  6.582540e-55 -4.652333e-25   
12                       Sweet November  6.897067e-55 -4.874631e-25   
25                 Carman: The Champion  9.619189e-55 -6.798541e-25   
39                           15 Minutes  1.008208e-54 -7.125696e-25   
36                            Antitrust  3.177382e-53 -2.245673e-23   
65                        Texas Rangers  3.177441e-53 -2.245715e-23   
52                            Swordfish  9.262291e-51 -6.546297e-21   
4                    Enemy at the Gates  1.054556e-50 -7.453269e-21   

             ls3           ls4           ls5  
3  -9.677524e-21  1.236130e-19  1.427054e-19  
61 -9.677092e-21  1.236074e-19  1.426990e-19  
67  7.513595e-21  3.401970e-21  3.927416e-21  
47  8.886727e-21 -4.445971e-18  3.449384e-21  
51 -2.243634e-22  2.865839e-21  3.308477e-21  
85 -2.092623e-22  2.672949e-21  3.085795e-21  
50 -1.971496e-22 -4.446441e-18  2.907180e-21  
75 -1.648009e-22  2.105035e-21  2.430164e-21  
74 -1.068249e-22  1.364495e-21  1.575246e-21  
7  -7.291892e-23  9.314079e-22  1.075267e-21  
27 -1.419034e-18  8.148907e-01  1.402529e-24  
79 -1.403130e-18  8.057580e-01  1.386810e-24  
60 -1.183465e-18  6.796134e-01  1.169700e-24  
68 -9.514480e-19  5.628650e-01  9.687610e-25  
2  -8.950015e-19  5.139614e-01  8.845917e-25  
40 -8.487984e-19  4.874289e-01  8.389259e-25  
30 -1.952742e-19  4.591189e-01  7.902010e-25  
57 -5.104116e-19  2.931077e-01  5.044750e-25  
28  5.242696e-17 -7.801405e-25  6.404115e-01  
64  5.025386e-17 -7.478037e-25  6.138665e-01  
81  4.874980e-17 -7.254225e-25  5.954939e-01  
73  4.760944e-17 -7.084534e-25  5.815641e-01  
42  4.676764e-17 -6.959270e-25  5.712812e-01  
80  4.223020e-17 -6.284075e-25  5.158550e-01  
14  4.024095e-17 -5.988064e-25  4.915557e-01  
54  3.509903e-17 -5.222920e-25  4.287456e-01  
83  3.406473e-17 -5.069011e-25  4.161113e-01  
62 -2.187198e-19  1.256015e-01  2.161758e-25  
72  1.616458e-17 -2.405373e-25  1.974553e-01  
31 -2.219690e-21  1.274674e-03  2.193872e-27  
..           ...           ...           ...  
48  0.000000e+00  0.000000e+00  0.000000e+00  
45  0.000000e+00  0.000000e+00  0.000000e+00  
1   0.000000e+00  0.000000e+00  0.000000e+00  
41  0.000000e+00  0.000000e+00  0.000000e+00  
6   0.000000e+00  0.000000e+00  0.000000e+00  
37  0.000000e+00  0.000000e+00  0.000000e+00  
10  0.000000e+00  0.000000e+00  0.000000e+00  
15  0.000000e+00  0.000000e+00  0.000000e+00  
35  0.000000e+00  0.000000e+00  0.000000e+00  
18  0.000000e+00  0.000000e+00  0.000000e+00  
29  0.000000e+00  0.000000e+00  0.000000e+00  
55  6.104054e-43 -1.923590e-60 -2.630628e-69  
46  1.399074e-42 -4.408946e-60 -6.029506e-69  
43  1.992263e-42 -6.278281e-60 -8.585938e-69  
34 -1.736227e-50  2.725145e-48 -2.120855e-34  
16 -1.832664e-50  2.876510e-48 -2.238656e-34  
78  2.325258e-43 -7.327662e-61  8.721384e-48  
17  3.025292e-55 -3.864282e-54 -4.461115e-54  
11  1.188043e-53 -1.517517e-52 -1.751896e-52  
5   8.714444e-03 -2.746210e-20 -3.755613e-29  
13  1.658595e-02 -5.226783e-20 -7.147949e-29  
22  1.714421e-02 -5.402709e-20 -7.388538e-29  
21  2.071649e-02 -6.528452e-20 -8.928061e-29  
12  2.170636e-02 -6.840394e-20 -9.354662e-29  
25  3.027339e-02 -9.540149e-20 -1.304674e-28  
39  3.173018e-02 -9.999233e-20 -1.367457e-28  
36  9.999811e-01  2.479890e-18 -4.309560e-27  
65  1.000000e+00 -3.151332e-18 -4.309641e-27  
52  3.801567e-02  6.783823e-18 -1.638339e-28  
4   3.242745e-02 -1.021896e-19 -1.397507e-28  

[86 rows x 6 columns]
Latent semantic for movie sorted by LS3
                                        movie           ls1           ls2  \
65                              Texas Rangers  3.177441e-53 -2.245715e-23   
36                                  Antitrust  3.177382e-53 -2.245673e-23   
52                                  Swordfish  9.262291e-51 -6.546297e-21   
4                          Enemy at the Gates  1.054556e-50 -7.453269e-21   
39                                 15 Minutes  1.008208e-54 -7.125696e-25   
25                       Carman: The Champion  9.619189e-55 -6.798541e-25   
12                             Sweet November  6.897067e-55 -4.874631e-25   
21                                   Hannibal  6.582540e-55 -4.652333e-25   
22          Final Fantasy: The Spirits Within  5.447470e-55 -3.850101e-25   
13                    3000 Miles to Graceland  5.270087e-55 -3.724732e-25   
5                                Brigham City  2.768963e-55 -1.957016e-25   
28                                 Rollerball -2.794251e-34  1.905485e-20   
64                    All About the Benjamins -1.523632e-33  1.826503e-20   
81        Clubhouse Detectives in Big Trouble -2.598266e-34  1.771837e-20   
73                                 Panic Room -1.936286e-33  1.730390e-20   
42                                    Ice Age -2.492621e-34  1.699794e-20   
80                                 Scooby-Doo -2.250785e-34  1.534879e-20   
14                               Full Frontal -2.144761e-34  1.462578e-20   
54                          Collateral Damage -1.870708e-34  1.275693e-20   
83                              Stolen Summer -1.815582e-34  1.238101e-20   
72                             State Property -8.615393e-35  5.875099e-21   
47                                      Basic -3.419983e-32  2.417137e-02   
67           Sinbad: Legend of the Seven Seas -3.893940e-32  2.752115e-02   
43                                Constantine  6.330297e-95 -4.474056e-65   
38                                    Be Cool -5.089239e-83  3.894941e-60   
46                                     Robots  4.445474e-95 -3.141922e-65   
55                          Alone in the Dark  1.939527e-95 -1.370797e-65   
33                                    Godsend  4.598586e-42  5.893300e-47   
78                           Dawn of the Dead  2.270650e-78 -1.607514e-48   
82                                     Torque -3.623150e-64  5.934206e-47   
..                                        ...           ...           ...   
15                            Erin Brockovich  0.000000e+00  0.000000e+00   
41                         Digimon: The Movie  0.000000e+00  0.000000e+00   
1                          Dungeons & Dragons  0.000000e+00  0.000000e+00   
45                          Against the Ropes  0.000000e+00  0.000000e+00   
6                                    Scream 3  0.000000e+00  0.000000e+00   
23                        Big Momma's House 2  5.973239e-01  8.460976e-31   
32                                Wonder Boys  1.514354e-76  3.387766e-54   
34                               Nim's Island  9.253741e-68 -6.310408e-54   
16                               First Sunday  9.767731e-68 -6.660914e-54   
20  Harold & Kumar Escape from Guantanamo Bay  4.028562e-74  9.012308e-52   
58                            Starsky & Hutch -2.207555e-55  1.560231e-25   
59     Agent Cody Banks 2: Destination London -3.199733e-53  2.261471e-23   
7                         Final Destination 2 -1.066102e-32  7.534873e-03   
74                           Shanghai Knights -1.561819e-32  1.103845e-02   
75                                  Daredevil -2.409450e-32  1.702924e-02   
50                          National Security  1.112056e-28  2.037190e-02   
85                                     Levity -3.059493e-32  2.162354e-02   
51                          What a Girl Wants -3.280277e-32  2.318397e-02   
31                                 United 300  3.885321e-45  8.691863e-23   
61                              Kangaroo Jack -1.414827e-30  9.999553e-01   
3                          Cradle 2 the Grave -1.414890e-30  1.000000e+00   
30                                     Breach  1.399436e-42  3.130683e-20   
62                             Stomp the Yard  3.828448e-43  8.564631e-21   
57                                   Waitress  8.934191e-43  1.998670e-20   
40                            Hannibal Rising  1.485728e-42  3.323726e-20   
2                                    Hot Fuzz  1.566601e-42  3.504648e-20   
68                                  Wild Hogs  4.466227e-41  3.838117e-20   
60                            Freedom Writers  2.071524e-42  4.634212e-20   
79                                     Zodiac  2.456024e-42  5.494378e-20   
27                                 Epic Movie  2.483861e-42  5.556653e-20   

             ls3           ls4           ls5  
65  1.000000e+00 -3.151332e-18 -4.309641e-27  
36  9.999811e-01  2.479890e-18 -4.309560e-27  
52  3.801567e-02  6.783823e-18 -1.638339e-28  
4   3.242745e-02 -1.021896e-19 -1.397507e-28  
39  3.173018e-02 -9.999233e-20 -1.367457e-28  
25  3.027339e-02 -9.540149e-20 -1.304674e-28  
12  2.170636e-02 -6.840394e-20 -9.354662e-29  
21  2.071649e-02 -6.528452e-20 -8.928061e-29  
22  1.714421e-02 -5.402709e-20 -7.388538e-29  
13  1.658595e-02 -5.226783e-20 -7.147949e-29  
5   8.714444e-03 -2.746210e-20 -3.755613e-29  
28  5.242696e-17 -7.801405e-25  6.404115e-01  
64  5.025386e-17 -7.478037e-25  6.138665e-01  
81  4.874980e-17 -7.254225e-25  5.954939e-01  
73  4.760944e-17 -7.084534e-25  5.815641e-01  
42  4.676764e-17 -6.959270e-25  5.712812e-01  
80  4.223020e-17 -6.284075e-25  5.158550e-01  
14  4.024095e-17 -5.988064e-25  4.915557e-01  
54  3.509903e-17 -5.222920e-25  4.287456e-01  
83  3.406473e-17 -5.069011e-25  4.161113e-01  
72  1.616458e-17 -2.405373e-25  1.974553e-01  
47  8.886727e-21 -4.445971e-18  3.449384e-21  
67  7.513595e-21  3.401970e-21  3.927416e-21  
43  1.992263e-42 -6.278281e-60 -8.585938e-69  
38  1.399074e-42 -1.669648e-41 -2.874275e-65  
46  1.399074e-42 -4.408946e-60 -6.029506e-69  
55  6.104054e-43 -1.923590e-60 -2.630628e-69  
33  4.304254e-43 -1.137993e-54  8.662939e-31  
78  2.325258e-43 -7.327662e-61  8.721384e-48  
82  6.797912e-47 -1.090822e-54  8.303861e-31  
..           ...           ...           ...  
15  0.000000e+00  0.000000e+00  0.000000e+00  
41  0.000000e+00  0.000000e+00  0.000000e+00  
1   0.000000e+00  0.000000e+00  0.000000e+00  
45  0.000000e+00  0.000000e+00  0.000000e+00  
6   0.000000e+00  0.000000e+00  0.000000e+00  
23 -1.718431e-53 -5.711832e-41  2.606251e-34  
32 -8.651527e-53  4.968205e-35  8.550901e-59  
34 -1.736227e-50  2.725145e-48 -2.120855e-34  
16 -1.832664e-50  2.876510e-48 -2.238656e-34  
20 -2.301523e-50  1.321667e-32  2.274754e-56  
58 -1.509917e-45  1.928648e-44  2.226534e-44  
59 -2.188545e-43  2.795472e-42  3.227241e-42  
7  -7.291892e-23  9.314079e-22  1.075267e-21  
74 -1.068249e-22  1.364495e-21  1.575246e-21  
75 -1.648009e-22  2.105035e-21  2.430164e-21  
50 -1.971496e-22 -4.446441e-18  2.907180e-21  
85 -2.092623e-22  2.672949e-21  3.085795e-21  
51 -2.243634e-22  2.865839e-21  3.308477e-21  
31 -2.219690e-21  1.274674e-03  2.193872e-27  
61 -9.677092e-21  1.236074e-19  1.426990e-19  
3  -9.677524e-21  1.236130e-19  1.427054e-19  
30 -1.952742e-19  4.591189e-01  7.902010e-25  
62 -2.187198e-19  1.256015e-01  2.161758e-25  
57 -5.104116e-19  2.931077e-01  5.044750e-25  
40 -8.487984e-19  4.874289e-01  8.389259e-25  
2  -8.950015e-19  5.139614e-01  8.845917e-25  
68 -9.514480e-19  5.628650e-01  9.687610e-25  
60 -1.183465e-18  6.796134e-01  1.169700e-24  
79 -1.403130e-18  8.057580e-01  1.386810e-24  
27 -1.419034e-18  8.148907e-01  1.402529e-24  

[86 rows x 6 columns]
Latent semantic for movie sorted by LS4
                                        movie           ls1           ls2  \
27                                 Epic Movie  2.483861e-42  5.556653e-20   
79                                     Zodiac  2.456024e-42  5.494378e-20   
60                            Freedom Writers  2.071524e-42  4.634212e-20   
68                                  Wild Hogs  4.466227e-41  3.838117e-20   
2                                    Hot Fuzz  1.566601e-42  3.504648e-20   
40                            Hannibal Rising  1.485728e-42  3.323726e-20   
30                                     Breach  1.399436e-42  3.130683e-20   
57                                   Waitress  8.934191e-43  1.998670e-20   
62                             Stomp the Yard  3.828448e-43  8.564631e-21   
31                                 United 300  3.885321e-45  8.691863e-23   
52                                  Swordfish  9.262291e-51 -6.546297e-21   
36                                  Antitrust  3.177382e-53 -2.245673e-23   
3                          Cradle 2 the Grave -1.414890e-30  1.000000e+00   
61                              Kangaroo Jack -1.414827e-30  9.999553e-01   
67           Sinbad: Legend of the Seven Seas -3.893940e-32  2.752115e-02   
51                          What a Girl Wants -3.280277e-32  2.318397e-02   
85                                     Levity -3.059493e-32  2.162354e-02   
75                                  Daredevil -2.409450e-32  1.702924e-02   
74                           Shanghai Knights -1.561819e-32  1.103845e-02   
7                         Final Destination 2 -1.066102e-32  7.534873e-03   
20  Harold & Kumar Escape from Guantanamo Bay  4.028562e-74  9.012308e-52   
32                                Wonder Boys  1.514354e-76  3.387766e-54   
59     Agent Cody Banks 2: Destination London -3.199733e-53  2.261471e-23   
58                            Starsky & Hutch -2.207555e-55  1.560231e-25   
16                               First Sunday  9.767731e-68 -6.660914e-54   
34                               Nim's Island  9.253741e-68 -6.310408e-54   
77                                      U-571  0.000000e+00  0.000000e+00   
41                         Digimon: The Movie  0.000000e+00  0.000000e+00   
1                          Dungeons & Dragons  0.000000e+00  0.000000e+00   
84                                Untraceable  0.000000e+00  0.000000e+00   
..                                        ...           ...           ...   
63                                  Annapolis  4.838892e-01  6.839810e-31   
24                      When a Stranger Calls  4.939991e-01  6.982716e-31   
53                                Ultraviolet  5.449698e-01  7.703190e-31   
66                     Madea's Family Reunion  5.792747e-01  8.188093e-31   
44                                Eight Below  5.925629e-01  8.375922e-31   
49                                   Bandidas  6.618722e-01  9.373372e-31   
8                                  Half Light  7.107883e-01  1.004705e-30   
38                                    Be Cool -5.089239e-83  3.894941e-60   
23                        Big Momma's House 2  5.973239e-01  8.460976e-31   
72                             State Property -8.615393e-35  5.875099e-21   
83                              Stolen Summer -1.815582e-34  1.238101e-20   
54                          Collateral Damage -1.870708e-34  1.275693e-20   
14                               Full Frontal -2.144761e-34  1.462578e-20   
80                                 Scooby-Doo -2.250785e-34  1.534879e-20   
42                                    Ice Age -2.492621e-34  1.699794e-20   
73                                 Panic Room -1.936286e-33  1.730390e-20   
81        Clubhouse Detectives in Big Trouble -2.598266e-34  1.771837e-20   
64                    All About the Benjamins -1.523632e-33  1.826503e-20   
28                                 Rollerball -2.794251e-34  1.905485e-20   
5                                Brigham City  2.768963e-55 -1.957016e-25   
13                    3000 Miles to Graceland  5.270087e-55 -3.724732e-25   
22          Final Fantasy: The Spirits Within  5.447470e-55 -3.850101e-25   
21                                   Hannibal  6.582540e-55 -4.652333e-25   
12                             Sweet November  6.897067e-55 -4.874631e-25   
25                       Carman: The Champion  9.619189e-55 -6.798541e-25   
39                                 15 Minutes  1.008208e-54 -7.125696e-25   
4                          Enemy at the Gates  1.054556e-50 -7.453269e-21   
65                              Texas Rangers  3.177441e-53 -2.245715e-23   
47                                      Basic -3.419983e-32  2.417137e-02   
50                          National Security  1.112056e-28  2.037190e-02   

             ls3           ls4           ls5  
27 -1.419034e-18  8.148907e-01  1.402529e-24  
79 -1.403130e-18  8.057580e-01  1.386810e-24  
60 -1.183465e-18  6.796134e-01  1.169700e-24  
68 -9.514480e-19  5.628650e-01  9.687610e-25  
2  -8.950015e-19  5.139614e-01  8.845917e-25  
40 -8.487984e-19  4.874289e-01  8.389259e-25  
30 -1.952742e-19  4.591189e-01  7.902010e-25  
57 -5.104116e-19  2.931077e-01  5.044750e-25  
62 -2.187198e-19  1.256015e-01  2.161758e-25  
31 -2.219690e-21  1.274674e-03  2.193872e-27  
52  3.801567e-02  6.783823e-18 -1.638339e-28  
36  9.999811e-01  2.479890e-18 -4.309560e-27  
3  -9.677524e-21  1.236130e-19  1.427054e-19  
61 -9.677092e-21  1.236074e-19  1.426990e-19  
67  7.513595e-21  3.401970e-21  3.927416e-21  
51 -2.243634e-22  2.865839e-21  3.308477e-21  
85 -2.092623e-22  2.672949e-21  3.085795e-21  
75 -1.648009e-22  2.105035e-21  2.430164e-21  
74 -1.068249e-22  1.364495e-21  1.575246e-21  
7  -7.291892e-23  9.314079e-22  1.075267e-21  
20 -2.301523e-50  1.321667e-32  2.274754e-56  
32 -8.651527e-53  4.968205e-35  8.550901e-59  
59 -2.188545e-43  2.795472e-42  3.227241e-42  
58 -1.509917e-45  1.928648e-44  2.226534e-44  
16 -1.832664e-50  2.876510e-48 -2.238656e-34  
34 -1.736227e-50  2.725145e-48 -2.120855e-34  
77  0.000000e+00  0.000000e+00  0.000000e+00  
41  0.000000e+00  0.000000e+00  0.000000e+00  
1   0.000000e+00  0.000000e+00  0.000000e+00  
84  0.000000e+00  0.000000e+00  0.000000e+00  
..           ...           ...           ...  
63  6.875936e-63 -1.474938e-42  2.111311e-34  
24  2.140921e-49 -1.505755e-42  2.830743e-33  
53  7.743876e-63 -1.661118e-42  2.377819e-34  
66  8.231340e-63 -1.765682e-42  2.527498e-34  
44  8.420161e-63 -1.806186e-42  2.585477e-34  
49  2.028091e-49 -2.017447e-42  2.766375e-33  
8   1.010011e-62 -2.166548e-42  3.101320e-34  
38  1.399074e-42 -1.669648e-41 -2.874275e-65  
23 -1.718431e-53 -5.711832e-41  2.606251e-34  
72  1.616458e-17 -2.405373e-25  1.974553e-01  
83  3.406473e-17 -5.069011e-25  4.161113e-01  
54  3.509903e-17 -5.222920e-25  4.287456e-01  
14  4.024095e-17 -5.988064e-25  4.915557e-01  
80  4.223020e-17 -6.284075e-25  5.158550e-01  
42  4.676764e-17 -6.959270e-25  5.712812e-01  
73  4.760944e-17 -7.084534e-25  5.815641e-01  
81  4.874980e-17 -7.254225e-25  5.954939e-01  
64  5.025386e-17 -7.478037e-25  6.138665e-01  
28  5.242696e-17 -7.801405e-25  6.404115e-01  
5   8.714444e-03 -2.746210e-20 -3.755613e-29  
13  1.658595e-02 -5.226783e-20 -7.147949e-29  
22  1.714421e-02 -5.402709e-20 -7.388538e-29  
21  2.071649e-02 -6.528452e-20 -8.928061e-29  
12  2.170636e-02 -6.840394e-20 -9.354662e-29  
25  3.027339e-02 -9.540149e-20 -1.304674e-28  
39  3.173018e-02 -9.999233e-20 -1.367457e-28  
4   3.242745e-02 -1.021896e-19 -1.397507e-28  
65  1.000000e+00 -3.151332e-18 -4.309641e-27  
47  8.886727e-21 -4.445971e-18  3.449384e-21  
50 -1.971496e-22 -4.446441e-18  2.907180e-21  

[86 rows x 6 columns]
Latent semantic for movie sorted by LS5
                                  movie           ls1           ls2  \
28                           Rollerball -2.794251e-34  1.905485e-20   
64              All About the Benjamins -1.523632e-33  1.826503e-20   
81  Clubhouse Detectives in Big Trouble -2.598266e-34  1.771837e-20   
73                           Panic Room -1.936286e-33  1.730390e-20   
42                              Ice Age -2.492621e-34  1.699794e-20   
80                           Scooby-Doo -2.250785e-34  1.534879e-20   
14                         Full Frontal -2.144761e-34  1.462578e-20   
54                    Collateral Damage -1.870708e-34  1.275693e-20   
83                        Stolen Summer -1.815582e-34  1.238101e-20   
72                       State Property -8.615393e-35  5.875099e-21   
3                    Cradle 2 the Grave -1.414890e-30  1.000000e+00   
61                        Kangaroo Jack -1.414827e-30  9.999553e-01   
67     Sinbad: Legend of the Seven Seas -3.893940e-32  2.752115e-02   
47                                Basic -3.419983e-32  2.417137e-02   
51                    What a Girl Wants -3.280277e-32  2.318397e-02   
85                               Levity -3.059493e-32  2.162354e-02   
50                    National Security  1.112056e-28  2.037190e-02   
75                            Daredevil -2.409450e-32  1.702924e-02   
74                     Shanghai Knights -1.561819e-32  1.103845e-02   
7                   Final Destination 2 -1.066102e-32  7.534873e-03   
27                           Epic Movie  2.483861e-42  5.556653e-20   
79                               Zodiac  2.456024e-42  5.494378e-20   
60                      Freedom Writers  2.071524e-42  4.634212e-20   
68                            Wild Hogs  4.466227e-41  3.838117e-20   
2                              Hot Fuzz  1.566601e-42  3.504648e-20   
40                      Hannibal Rising  1.485728e-42  3.323726e-20   
30                               Breach  1.399436e-42  3.130683e-20   
57                             Waitress  8.934191e-43  1.998670e-20   
62                       Stomp the Yard  3.828448e-43  8.564631e-21   
31                           United 300  3.885321e-45  8.691863e-23   
..                                  ...           ...           ...   
48               My Mom's New Boyfriend  0.000000e+00  0.000000e+00   
45                    Against the Ropes  0.000000e+00  0.000000e+00   
1                    Dungeons & Dragons  0.000000e+00  0.000000e+00   
41                   Digimon: The Movie  0.000000e+00  0.000000e+00   
6                              Scream 3  0.000000e+00  0.000000e+00   
10                  Bigger Than the Sky  0.000000e+00  0.000000e+00   
37                            Boogeyman  0.000000e+00  0.000000e+00   
15                      Erin Brockovich  0.000000e+00  0.000000e+00   
18                         Smart People  0.000000e+00  0.000000e+00   
35                                Trois  0.000000e+00  0.000000e+00   
19                Because of Winn-Dixie  0.000000e+00  0.000000e+00   
55                    Alone in the Dark  1.939527e-95 -1.370797e-65   
46                               Robots  4.445474e-95 -3.141922e-65   
43                          Constantine  6.330297e-95 -4.474056e-65   
38                              Be Cool -5.089239e-83  3.894941e-60   
17                       Chain of Fools  6.566384e-28 -3.126101e-35   
11                       Romeo Must Die  1.736963e-63 -1.227631e-33   
34                         Nim's Island  9.253741e-68 -6.310408e-54   
16                         First Sunday  9.767731e-68 -6.660914e-54   
5                          Brigham City  2.768963e-55 -1.957016e-25   
13              3000 Miles to Graceland  5.270087e-55 -3.724732e-25   
22    Final Fantasy: The Spirits Within  5.447470e-55 -3.850101e-25   
21                             Hannibal  6.582540e-55 -4.652333e-25   
12                       Sweet November  6.897067e-55 -4.874631e-25   
25                 Carman: The Champion  9.619189e-55 -6.798541e-25   
39                           15 Minutes  1.008208e-54 -7.125696e-25   
4                    Enemy at the Gates  1.054556e-50 -7.453269e-21   
52                            Swordfish  9.262291e-51 -6.546297e-21   
36                            Antitrust  3.177382e-53 -2.245673e-23   
65                        Texas Rangers  3.177441e-53 -2.245715e-23   

             ls3           ls4           ls5  
28  5.242696e-17 -7.801405e-25  6.404115e-01  
64  5.025386e-17 -7.478037e-25  6.138665e-01  
81  4.874980e-17 -7.254225e-25  5.954939e-01  
73  4.760944e-17 -7.084534e-25  5.815641e-01  
42  4.676764e-17 -6.959270e-25  5.712812e-01  
80  4.223020e-17 -6.284075e-25  5.158550e-01  
14  4.024095e-17 -5.988064e-25  4.915557e-01  
54  3.509903e-17 -5.222920e-25  4.287456e-01  
83  3.406473e-17 -5.069011e-25  4.161113e-01  
72  1.616458e-17 -2.405373e-25  1.974553e-01  
3  -9.677524e-21  1.236130e-19  1.427054e-19  
61 -9.677092e-21  1.236074e-19  1.426990e-19  
67  7.513595e-21  3.401970e-21  3.927416e-21  
47  8.886727e-21 -4.445971e-18  3.449384e-21  
51 -2.243634e-22  2.865839e-21  3.308477e-21  
85 -2.092623e-22  2.672949e-21  3.085795e-21  
50 -1.971496e-22 -4.446441e-18  2.907180e-21  
75 -1.648009e-22  2.105035e-21  2.430164e-21  
74 -1.068249e-22  1.364495e-21  1.575246e-21  
7  -7.291892e-23  9.314079e-22  1.075267e-21  
27 -1.419034e-18  8.148907e-01  1.402529e-24  
79 -1.403130e-18  8.057580e-01  1.386810e-24  
60 -1.183465e-18  6.796134e-01  1.169700e-24  
68 -9.514480e-19  5.628650e-01  9.687610e-25  
2  -8.950015e-19  5.139614e-01  8.845917e-25  
40 -8.487984e-19  4.874289e-01  8.389259e-25  
30 -1.952742e-19  4.591189e-01  7.902010e-25  
57 -5.104116e-19  2.931077e-01  5.044750e-25  
62 -2.187198e-19  1.256015e-01  2.161758e-25  
31 -2.219690e-21  1.274674e-03  2.193872e-27  
..           ...           ...           ...  
48  0.000000e+00  0.000000e+00  0.000000e+00  
45  0.000000e+00  0.000000e+00  0.000000e+00  
1   0.000000e+00  0.000000e+00  0.000000e+00  
41  0.000000e+00  0.000000e+00  0.000000e+00  
6   0.000000e+00  0.000000e+00  0.000000e+00  
10  0.000000e+00  0.000000e+00  0.000000e+00  
37  0.000000e+00  0.000000e+00  0.000000e+00  
15  0.000000e+00  0.000000e+00  0.000000e+00  
18  0.000000e+00  0.000000e+00  0.000000e+00  
35  0.000000e+00  0.000000e+00  0.000000e+00  
19  0.000000e+00  0.000000e+00  0.000000e+00  
55  6.104054e-43 -1.923590e-60 -2.630628e-69  
46  1.399074e-42 -4.408946e-60 -6.029506e-69  
43  1.992263e-42 -6.278281e-60 -8.585938e-69  
38  1.399074e-42 -1.669648e-41 -2.874275e-65  
17  3.025292e-55 -3.864282e-54 -4.461115e-54  
11  1.188043e-53 -1.517517e-52 -1.751896e-52  
34 -1.736227e-50  2.725145e-48 -2.120855e-34  
16 -1.832664e-50  2.876510e-48 -2.238656e-34  
5   8.714444e-03 -2.746210e-20 -3.755613e-29  
13  1.658595e-02 -5.226783e-20 -7.147949e-29  
22  1.714421e-02 -5.402709e-20 -7.388538e-29  
21  2.071649e-02 -6.528452e-20 -8.928061e-29  
12  2.170636e-02 -6.840394e-20 -9.354662e-29  
25  3.027339e-02 -9.540149e-20 -1.304674e-28  
39  3.173018e-02 -9.999233e-20 -1.367457e-28  
4   3.242745e-02 -1.021896e-19 -1.397507e-28  
52  3.801567e-02  6.783823e-18 -1.638339e-28  
36  9.999811e-01  2.479890e-18 -4.309560e-27  
65  1.000000e+00 -3.151332e-18 -4.309641e-27  

[86 rows x 6 columns]
Latent semantic for actor sorted by LS1
                      actor           ls1           ls2           ls3  \
79         El-Balawi, Beans  2.421380e-01  1.047220e-58  1.899287e-97   
110             Moore, Demi  2.421380e-01  1.047220e-58  1.899287e-97   
147             Isitt, Kate  2.421380e-01  1.047220e-58  1.899287e-97   
33        Cusick, Henry Ian  2.421380e-01  1.047220e-58  1.899287e-97   
199            Hayek, Salma  2.254742e-01  9.751543e-59  1.766181e-98   
191             Zahn, Steve  2.254742e-01  1.016998e-02 -8.248862e-41   
189         Cruz, Penlope  2.254742e-01  9.751543e-59  1.766185e-98   
217          Yoakam, Dwight  2.254742e-01  6.449771e-25 -2.634982e-33   
15                Long, Nia  2.034851e-01  8.800537e-59  9.965624e-97   
69            Levi, Zachary  2.034851e-01  8.800537e-59  9.965624e-97   
162        Lawrence, Martin  2.034851e-01  1.016998e-02  2.167850e-17   
160          Procter, Emily  2.034851e-01  8.800537e-59  9.965624e-97   
122            Walker, Paul  2.018632e-01  8.730362e-59  1.583378e-97   
74           Crewson, Wendy  2.018632e-01  8.730362e-59  1.583378e-97   
185         Bloodgood, Moon  2.018632e-01  8.730362e-59  1.583378e-97   
249        Greenwood, Bruce  2.018632e-01  8.730362e-59  1.583378e-97   
100           Kodjoe, Boris  1.973364e-01  8.534585e-59  1.547871e-97   
158        Underwood, Blair  1.973364e-01  8.534585e-59  1.547871e-97   
204            Perry, Tyler  1.973364e-01  8.534585e-59  1.547871e-97   
289         Whitfield, Lynn  1.973364e-01  8.534585e-59  1.547871e-97   
202         Bright, Cameron  1.856501e-01  8.029162e-59  1.164116e-83   
267         Jovovich, Milla  1.856501e-01  8.029162e-59  1.456206e-97   
190      Andrieu, Sebastien  1.856501e-01  8.029162e-59  1.456206e-97   
28           Chinlund, Nick  1.856501e-01  8.029162e-59  1.456206e-97   
231         Thompson, Tessa  1.682864e-01  7.278200e-59 -3.605226e-98   
142         Flanagan, Tommy  1.682864e-01  6.808017e-25 -2.781340e-33   
172          Belle, Camilla  1.682864e-01  7.278200e-59 -3.605226e-98   
75           Cassidy, Katie  1.682864e-01  7.278200e-59 -3.605226e-98   
148            Foley, Macka  1.648423e-01  7.129247e-59  1.292993e-97   
50         Wahlberg, Donnie  1.648423e-01  7.129247e-59  1.292993e-97   
..                      ...           ...           ...           ...   
18              Fisher, Tom -4.259288e-60  5.510571e-03 -4.469619e-41   
287   Taylor-Johnson, Aaron -4.259288e-60  5.510571e-03 -4.469619e-41   
132            Chan, Jackie -4.259288e-60  5.510571e-03 -4.469619e-41   
218          Farrell, Colin -6.570891e-60  8.501269e-03 -6.895372e-41   
178        Garner, Jennifer -6.570891e-60  8.501269e-03 -6.895372e-41   
167  Duncan, Michael Clarke -6.570891e-60  8.501269e-03 -6.895372e-41   
60             Affleck, Ben -6.570891e-60  8.501269e-03 -6.895372e-41   
61           Dunst, Kirsten -8.343642e-60  1.079482e-02 -8.755665e-41   
4             Hunter, Holly -8.343642e-60  1.079482e-02 -8.755665e-41   
120         Freeman, Morgan -8.343642e-60  1.079482e-02 -8.755665e-41   
31      Thornton, Billy Bob -8.343642e-60  1.079482e-02 -8.755665e-41   
7            Atkins, Eileen -8.945750e-60  1.157381e-02 -9.387506e-41   
124          Preston, Kelly -8.945750e-60  1.157381e-02 -9.387506e-41   
228           Bynes, Amanda -8.945750e-60  1.157381e-02 -9.387506e-41   
247            Firth, Colin -8.945750e-60  1.157381e-02 -9.387506e-41   
56       Jackson, Samuel L. -9.326747e-60  1.206673e-02  4.265610e-39   
72                Daly, Tim -9.326747e-60  1.206673e-02  4.265610e-39   
34          Nielsen, Connie -9.326747e-60  1.206673e-02  4.265610e-39   
260          Travolta, John -9.326747e-60  1.206673e-02  1.895167e-02   
169   Zeta-Jones, Catherine -1.061929e-59  1.373900e-02  3.610624e-39   
117              Pitt, Brad -1.061929e-59  1.373900e-02  3.610624e-39   
184      Pfeiffer, Michelle -1.061929e-59  1.373900e-02  3.610624e-39   
208         Fiennes, Joseph -1.061929e-59  1.373900e-02  1.616581e-02   
214         Warren, Estella -3.858420e-58  4.991937e-01 -4.048956e-39   
125     Walken, Christopher -3.858420e-58  4.991937e-01 -4.048956e-39   
152        O'Connell, Jerry -3.858420e-58  4.991937e-01 -4.048956e-39   
226               Hu, Kelly -3.858593e-58  4.992160e-01 -4.049136e-39   
96                      DMX -3.858593e-58  4.992160e-01 -4.049136e-39   
45                  Li, Jet -3.858593e-58  4.992160e-01 -4.049136e-39   
301       Anderson, Anthony -7.717013e-58  9.984096e-01 -8.098092e-39   

              ls4           ls5  
79   4.109942e-82  2.676343e-66  
110  4.109942e-82  2.676343e-66  
147  4.109942e-82  2.676343e-66  
33   4.109942e-82  2.676343e-66  
199  7.046241e-82  1.807245e-65  
191 -2.256695e-27  3.370249e-26  
189  7.046244e-82  1.807245e-65  
217  4.434232e-18  2.146116e-01  
15   7.822638e-81  2.249113e-66  
69   7.822638e-81  2.249113e-66  
162  1.936768e-01  3.370248e-26  
160  7.822638e-81  2.249113e-66  
122  3.426335e-82  2.231187e-66  
74   3.426335e-82  2.231187e-66  
185  3.426335e-82  2.231187e-66  
249  3.426335e-82  2.231187e-66  
100  3.349500e-82  2.181153e-66  
158  3.349500e-82  2.181153e-66  
204  3.349500e-82  2.181153e-66  
289  3.349500e-82  2.181153e-66  
202  3.574013e-77  1.729767e-60  
267  3.151141e-82  2.051984e-66  
190  3.151141e-82  2.051984e-66  
28   3.151141e-82  2.051984e-66  
231  6.254368e-82  1.830575e-65  
142  4.680527e-18  2.265320e-01  
172  6.254368e-82  1.830575e-65  
75   6.254368e-82  1.830575e-65  
148  2.797959e-82  1.821996e-66  
50   2.797959e-82  1.821996e-66  
..            ...           ...  
18  -1.222783e-27  1.826158e-26  
287 -1.222783e-27  1.826158e-26  
132 -1.222783e-27  1.826158e-26  
218 -1.886412e-27  2.817252e-26  
178 -1.886412e-27  2.817252e-26  
167 -1.886412e-27  2.817252e-26  
60  -1.886412e-27  2.817252e-26  
61  -2.395345e-27  3.577314e-26  
4   -2.395345e-27  3.577314e-26  
120 -2.395345e-27  3.577314e-26  
31  -2.395345e-27  3.577314e-26  
7   -2.568202e-27  3.835466e-26  
124 -2.568202e-27  3.835466e-26  
228 -2.568202e-27  3.835466e-26  
247 -2.568202e-27  3.835466e-26  
56  -2.677581e-27  3.998818e-26  
72  -2.677581e-27  3.998818e-26  
34  -2.677581e-27  3.998818e-26  
260  1.936768e-01  4.220587e-18  
169 -3.048652e-27  4.552992e-26  
117 -3.048652e-27  4.552992e-26  
184 -3.048652e-27  4.552992e-26  
208 -3.048652e-27  3.600170e-18  
214 -1.107699e-25  1.654287e-24  
125 -1.107699e-25  1.654287e-24  
152 -1.107699e-25  1.654287e-24  
226 -1.107749e-25  1.654361e-24  
96  -1.107749e-25  1.654361e-24  
45  -1.107749e-25  1.654361e-24  
301 -2.215448e-25  3.308649e-24  

[309 rows x 6 columns]
Latent semantic for actor sorted by LS2
                      actor           ls1           ls2           ls3  \
301       Anderson, Anthony -7.717013e-58  9.984096e-01 -8.098092e-39   
45                  Li, Jet -3.858593e-58  4.992160e-01 -4.049136e-39   
96                      DMX -3.858593e-58  4.992160e-01 -4.049136e-39   
226               Hu, Kelly -3.858593e-58  4.992160e-01 -4.049136e-39   
152        O'Connell, Jerry -3.858420e-58  4.991937e-01 -4.048956e-39   
125     Walken, Christopher -3.858420e-58  4.991937e-01 -4.048956e-39   
214         Warren, Estella -3.858420e-58  4.991937e-01 -4.048956e-39   
208         Fiennes, Joseph -1.061929e-59  1.373900e-02  1.616581e-02   
184      Pfeiffer, Michelle -1.061929e-59  1.373900e-02  3.610624e-39   
169   Zeta-Jones, Catherine -1.061929e-59  1.373900e-02  3.610624e-39   
117              Pitt, Brad -1.061929e-59  1.373900e-02  3.610624e-39   
56       Jackson, Samuel L. -9.326747e-60  1.206673e-02  4.265610e-39   
34          Nielsen, Connie -9.326747e-60  1.206673e-02  4.265610e-39   
72                Daly, Tim -9.326747e-60  1.206673e-02  4.265610e-39   
260          Travolta, John -9.326747e-60  1.206673e-02  1.895167e-02   
228           Bynes, Amanda -8.945750e-60  1.157381e-02 -9.387506e-41   
7            Atkins, Eileen -8.945750e-60  1.157381e-02 -9.387506e-41   
247            Firth, Colin -8.945750e-60  1.157381e-02 -9.387506e-41   
124          Preston, Kelly -8.945750e-60  1.157381e-02 -9.387506e-41   
4             Hunter, Holly -8.343642e-60  1.079482e-02 -8.755665e-41   
120         Freeman, Morgan -8.343642e-60  1.079482e-02 -8.755665e-41   
61           Dunst, Kirsten -8.343642e-60  1.079482e-02 -8.755665e-41   
31      Thornton, Billy Bob -8.343642e-60  1.079482e-02 -8.755665e-41   
162        Lawrence, Martin  2.034851e-01  1.016998e-02  2.167850e-17   
6               Feore, Colm  1.338175e-56  1.016998e-02 -8.248862e-41   
191             Zahn, Steve  2.254742e-01  1.016998e-02 -8.248862e-41   
90               Duke, Bill  1.338175e-56  1.016998e-02 -8.248862e-41   
60             Affleck, Ben -6.570891e-60  8.501269e-03 -6.895372e-41   
167  Duncan, Michael Clarke -6.570891e-60  8.501269e-03 -6.895372e-41   
178        Garner, Jennifer -6.570891e-60  8.501269e-03 -6.895372e-41   
..                      ...           ...           ...           ...   
196          Buscemi, Steve  4.518441e-84 -2.836271e-26  8.546773e-03   
304             Liotta, Ray  5.459932e-84 -3.427255e-26  1.032763e-02   
279        Hopkins, Anthony  5.459932e-84 -3.427255e-26  1.032763e-02   
203            Oldman, Gary  5.459932e-84 -3.427255e-26  1.032763e-02   
76          Moore, Julianne  5.459932e-84 -3.427255e-26  1.032763e-02   
285           Reeves, Keanu  5.720819e-84 -3.591016e-26  1.082111e-02   
293           Germann, Greg  5.720819e-84 -3.591016e-26  1.082111e-02   
47            Isaacs, Jason  5.720819e-84 -3.591016e-26  1.082111e-02   
294        Theron, Charlize  5.720819e-84 -3.591016e-26  1.082111e-02   
10      Manterola, Patricia  7.978701e-84 -5.008312e-26  1.509196e-02   
123                  Carman  7.978701e-84 -5.008312e-26  1.509196e-02   
139        Williams, Jeremy  7.978701e-84 -5.008312e-26  1.509196e-02   
53           Nouri, Michael  7.978701e-84 -5.008312e-26  1.509196e-02   
146           Burns, Edward  8.362647e-84 -5.249318e-26  1.581821e-02   
229           Brooks, Avery  8.362647e-84 -5.249318e-26  1.581821e-02   
248         De Niro, Robert  6.123869e-83 -5.249318e-26  1.581821e-02   
66          Grammer, Kelsey  8.362647e-84 -5.249318e-26  1.581821e-02   
232           Weisz, Rachel  8.546415e-84 -5.364672e-26  1.616581e-02   
44                Law, Jude  8.546415e-84 -5.364672e-26  1.616581e-02   
65               Harris, Ed  8.546415e-84 -5.364672e-26  1.616581e-02   
177            Cheadle, Don  1.001922e-83 -6.289165e-26  1.895167e-02   
101           Jackman, Hugh  1.001922e-83 -6.289165e-26  1.895167e-02   
276            Berry, Halle  1.001922e-83 -6.289165e-26  1.895167e-02   
299         Phillippe, Ryan  3.499091e-82 -1.654330e-24  4.985131e-01   
236            Robbins, Tim  2.635500e-82 -1.654330e-24  4.985131e-01   
153         Forlani, Claire  2.635500e-82 -1.654330e-24  4.985131e-01   
20      Van Der Beek, James  2.635549e-82 -1.654361e-24  4.985225e-01   
210         Kutcher, Ashton  2.635549e-82 -1.654361e-24  4.985225e-01   
188        McDermott, Dylan  2.635549e-82 -1.654361e-24  4.985225e-01   
55      Cook, Rachael Leigh  5.271049e-82 -3.308691e-24  9.970356e-01   

              ls4           ls5  
301 -2.215448e-25  3.308649e-24  
45  -1.107749e-25  1.654361e-24  
96  -1.107749e-25  1.654361e-24  
226 -1.107749e-25  1.654361e-24  
152 -1.107699e-25  1.654287e-24  
125 -1.107699e-25  1.654287e-24  
214 -1.107699e-25  1.654287e-24  
208 -3.048652e-27  3.600170e-18  
184 -3.048652e-27  4.552992e-26  
169 -3.048652e-27  4.552992e-26  
117 -3.048652e-27  4.552992e-26  
56  -2.677581e-27  3.998818e-26  
34  -2.677581e-27  3.998818e-26  
72  -2.677581e-27  3.998818e-26  
260  1.936768e-01  4.220587e-18  
228 -2.568202e-27  3.835466e-26  
7   -2.568202e-27  3.835466e-26  
247 -2.568202e-27  3.835466e-26  
124 -2.568202e-27  3.835466e-26  
4   -2.395345e-27  3.577314e-26  
120 -2.395345e-27  3.577314e-26  
61  -2.395345e-27  3.577314e-26  
31  -2.395345e-27  3.577314e-26  
162  1.936768e-01  3.370248e-26  
6   -2.256695e-27  3.370249e-26  
191 -2.256695e-27  3.370249e-26  
90  -2.256695e-27  3.370249e-26  
60  -1.886412e-27  2.817252e-26  
167 -1.886412e-27  2.817252e-26  
178 -1.886412e-27  2.817252e-26  
..            ...           ...  
196  2.104066e-34  1.903389e-18  
304  2.542483e-34  2.299992e-18  
279  2.542483e-34  2.299992e-18  
203  2.542483e-34  2.299992e-18  
76   2.542483e-34  2.299992e-18  
285  2.663968e-34  2.409890e-18  
293  2.663968e-34  2.409890e-18  
47   2.663968e-34  2.409890e-18  
294  2.663968e-34  2.409890e-18  
10   3.715378e-34  3.361021e-18  
123  3.715378e-34  3.361021e-18  
139  3.715378e-34  3.361021e-18  
53   3.715378e-34  3.361021e-18  
146  3.894167e-34  3.522758e-18  
229  3.894167e-34  3.522758e-18  
248  3.894167e-34  3.522758e-18  
66   3.894167e-34  3.522758e-18  
232  3.979741e-34  3.600170e-18  
44   3.979741e-34  3.600170e-18  
65   3.979741e-34  3.600170e-18  
177  5.830991e-34  4.220587e-18  
101  5.830991e-34  4.220587e-18  
276  5.830991e-34  4.220587e-18  
299  1.579787e-01  1.110202e-16  
236  1.236758e-32  1.110202e-16  
153  1.236758e-32  1.110202e-16  
20   1.227275e-32  1.110223e-16  
210  1.227275e-32  1.110223e-16  
188  1.227275e-32  1.110223e-16  
55   2.464034e-32  2.220425e-16  

[309 rows x 6 columns]
Latent semantic for actor sorted by LS3
                      actor           ls1           ls2           ls3  \
55      Cook, Rachael Leigh  5.271049e-82 -3.308691e-24  9.970356e-01   
20      Van Der Beek, James  2.635549e-82 -1.654361e-24  4.985225e-01   
188        McDermott, Dylan  2.635549e-82 -1.654361e-24  4.985225e-01   
210         Kutcher, Ashton  2.635549e-82 -1.654361e-24  4.985225e-01   
236            Robbins, Tim  2.635500e-82 -1.654330e-24  4.985131e-01   
299         Phillippe, Ryan  3.499091e-82 -1.654330e-24  4.985131e-01   
153         Forlani, Claire  2.635500e-82 -1.654330e-24  4.985131e-01   
260          Travolta, John -9.326747e-60  1.206673e-02  1.895167e-02   
177            Cheadle, Don  1.001922e-83 -6.289165e-26  1.895167e-02   
101           Jackman, Hugh  1.001922e-83 -6.289165e-26  1.895167e-02   
276            Berry, Halle  1.001922e-83 -6.289165e-26  1.895167e-02   
65               Harris, Ed  8.546415e-84 -5.364672e-26  1.616581e-02   
44                Law, Jude  8.546415e-84 -5.364672e-26  1.616581e-02   
208         Fiennes, Joseph -1.061929e-59  1.373900e-02  1.616581e-02   
232           Weisz, Rachel  8.546415e-84 -5.364672e-26  1.616581e-02   
229           Brooks, Avery  8.362647e-84 -5.249318e-26  1.581821e-02   
66          Grammer, Kelsey  8.362647e-84 -5.249318e-26  1.581821e-02   
146           Burns, Edward  8.362647e-84 -5.249318e-26  1.581821e-02   
248         De Niro, Robert  6.123869e-83 -5.249318e-26  1.581821e-02   
123                  Carman  7.978701e-84 -5.008312e-26  1.509196e-02   
139        Williams, Jeremy  7.978701e-84 -5.008312e-26  1.509196e-02   
10      Manterola, Patricia  7.978701e-84 -5.008312e-26  1.509196e-02   
53           Nouri, Michael  7.978701e-84 -5.008312e-26  1.509196e-02   
47            Isaacs, Jason  5.720819e-84 -3.591016e-26  1.082111e-02   
285           Reeves, Keanu  5.720819e-84 -3.591016e-26  1.082111e-02   
293           Germann, Greg  5.720819e-84 -3.591016e-26  1.082111e-02   
294        Theron, Charlize  5.720819e-84 -3.591016e-26  1.082111e-02   
279        Hopkins, Anthony  5.459932e-84 -3.427255e-26  1.032763e-02   
304             Liotta, Ray  5.459932e-84 -3.427255e-26  1.032763e-02   
203            Oldman, Gary  5.459932e-84 -3.427255e-26  1.032763e-02   
..                      ...           ...           ...           ...   
179           Curtis, Cliff  1.735719e-67  4.754955e-25 -1.942584e-33   
244           Koteas, Elias  1.735719e-67  4.754955e-25 -1.942584e-33   
274       Keener, Catherine  1.989997e-67  5.451543e-25 -2.227167e-33   
164             Katt, Nicky  1.989997e-67  5.451543e-25 -2.227167e-33   
80          Duchovny, David  1.989997e-67  5.451543e-25 -2.227167e-33   
206         McCormack, Mary  1.989997e-67  5.451543e-25 -2.227167e-33   
105  Gellar, Sarah Michelle  2.088370e-67  5.721032e-25 -2.337264e-33   
13        Cardellini, Linda  2.088370e-67  5.721032e-25 -2.337264e-33   
24      Prinze Jr., Freddie  2.088370e-67  5.721032e-25 -2.337264e-33   
2          Lillard, Matthew  2.088370e-67  5.721032e-25 -2.337264e-33   
197          Visnjic, Goran  2.312756e-67  6.335730e-25 -2.588392e-33   
82              Romano, Ray  2.312756e-67  6.335730e-25 -2.588392e-33   
68          Leguizamo, John  2.312756e-67  6.335730e-25 -2.588392e-33   
283            Leary, Denis  2.312756e-67  6.335730e-25 -2.588392e-33   
227        Whitaker, Forest  6.063685e-66  6.449771e-25 -2.634982e-33   
217          Yoakam, Dwight  2.254742e-01  6.449771e-25 -2.634982e-33   
115           Foster, Jodie  6.063685e-66  6.449771e-25 -2.634982e-33   
273        Stewart, Kristen  6.063685e-66  6.449771e-25 -2.634982e-33   
286        Glauser, Michael  2.410777e-67  6.604258e-25 -2.698096e-33   
302     Armstrong, Brittany  2.410777e-67  6.604258e-25 -2.698096e-33   
48      Mainwaring, Cameron  2.410777e-67  6.604258e-25 -2.698096e-33   
306        Cronin, Jonathan  2.410777e-67  6.604258e-25 -2.698096e-33   
119              Epps, Mike  4.598523e-66  6.808017e-25 -2.781340e-33   
233                Ice Cube  4.598523e-66  6.808017e-25 -2.781340e-33   
3           Chaplin, Carmen  4.598523e-66  6.808017e-25 -2.781340e-33   
142         Flanagan, Tommy  1.682864e-01  6.808017e-25 -2.781340e-33   
182            Klein, Chris  2.592620e-67  7.102412e-25 -2.901611e-33   
215         Romijn, Rebecca  2.592620e-67  7.102412e-25 -2.901611e-33   
174               LL Cool J  2.592620e-67  7.102412e-25 -2.901611e-33   
225              Reno, Jean  2.592620e-67  7.102412e-25 -2.901611e-33   

              ls4           ls5  
55   2.464034e-32  2.220425e-16  
20   1.227275e-32  1.110223e-16  
188  1.227275e-32  1.110223e-16  
210  1.227275e-32  1.110223e-16  
236  1.236758e-32  1.110202e-16  
299  1.579787e-01  1.110202e-16  
153  1.236758e-32  1.110202e-16  
260  1.936768e-01  4.220587e-18  
177  5.830991e-34  4.220587e-18  
101  5.830991e-34  4.220587e-18  
276  5.830991e-34  4.220587e-18  
65   3.979741e-34  3.600170e-18  
44   3.979741e-34  3.600170e-18  
208 -3.048652e-27  3.600170e-18  
232  3.979741e-34  3.600170e-18  
229  3.894167e-34  3.522758e-18  
66   3.894167e-34  3.522758e-18  
146  3.894167e-34  3.522758e-18  
248  3.894167e-34  3.522758e-18  
123  3.715378e-34  3.361021e-18  
139  3.715378e-34  3.361021e-18  
10   3.715378e-34  3.361021e-18  
53   3.715378e-34  3.361021e-18  
47   2.663968e-34  2.409890e-18  
285  2.663968e-34  2.409890e-18  
293  2.663968e-34  2.409890e-18  
294  2.663968e-34  2.409890e-18  
279  2.542483e-34  2.299992e-18  
304  2.542483e-34  2.299992e-18  
203  2.542483e-34  2.299992e-18  
..            ...           ...  
179  3.269042e-18  1.582178e-01  
244  3.269042e-18  1.582178e-01  
274  3.747948e-18  1.813963e-01  
164  3.747948e-18  1.813963e-01  
80   3.747948e-18  1.813963e-01  
206  3.747948e-18  1.813963e-01  
105  3.933223e-18  1.903633e-01  
13   3.933223e-18  1.903633e-01  
24   3.933223e-18  1.903633e-01  
2    3.933223e-18  1.903633e-01  
197  4.355829e-18  2.108170e-01  
82   4.355829e-18  2.108170e-01  
68   4.355829e-18  2.108170e-01  
283  4.355829e-18  2.108170e-01  
227  4.434232e-18  2.146116e-01  
217  4.434232e-18  2.146116e-01  
115  4.434232e-18  2.146116e-01  
273  4.434232e-18  2.146116e-01  
286  4.540443e-18  2.197521e-01  
302  4.540443e-18  2.197521e-01  
48   4.540443e-18  2.197521e-01  
306  4.540443e-18  2.197521e-01  
119  4.680527e-18  2.265320e-01  
233  4.680527e-18  2.265320e-01  
3    4.680527e-18  2.265320e-01  
142  4.680527e-18  2.265320e-01  
182  4.882924e-18  2.363278e-01  
215  4.882924e-18  2.363278e-01  
174  4.882924e-18  2.363278e-01  
225  4.882924e-18  2.363278e-01  

[309 rows x 6 columns]
Latent semantic for actor sorted by LS4
                      actor           ls1           ls2           ls3  \
282      Coolidge, Jennifer  1.532788e-82  1.095779e-36  3.138516e-17   
263          Campbell, Adam  1.532788e-82  1.095779e-36  3.138516e-17   
230               Penn, Kal  1.532788e-82  1.095779e-36  3.138516e-17   
39              Mays, Jayma  1.532788e-82  1.095779e-36  3.138516e-17   
288        Gyllenhaal, Jake  1.515610e-82  1.083498e-36  3.103342e-17   
277        Edwards, Anthony  1.515610e-82  1.083498e-36  3.103342e-17   
86            Ruffalo, Mark  1.515610e-82  1.083498e-36  3.103342e-17   
176      Downey Jr., Robert  1.515610e-82  1.083498e-36  3.103342e-17   
295            Glenn, Scott  1.278335e-82  9.138721e-37  2.617501e-17   
30            Swank, Hilary  1.278335e-82  9.138721e-37  2.617501e-17   
106        Staunton, Imelda  1.278335e-82  9.138721e-37  2.617501e-17   
243        Dempsey, Patrick  1.278335e-82  9.138721e-37  2.617501e-17   
260          Travolta, John -9.326747e-60  1.206673e-02  1.895167e-02   
35               Allen, Tim  4.313436e-81  7.568812e-37  2.167850e-17   
173        Macy, William H.  4.313436e-81  7.568812e-37  2.167850e-17   
162        Lawrence, Martin  2.034851e-01  1.016998e-02  2.167850e-17   
59           Popper, Robert  9.667480e-83  6.911208e-37  1.979500e-17   
180         Freeman, Martin  9.667480e-83  6.911208e-37  1.979500e-17   
84              Nighy, Bill  9.667480e-83  6.911208e-37  1.979500e-17   
49              Pegg, Simon  9.667480e-83  6.911208e-37  1.979500e-17   
290  Tachovsk, Helena-Lia  9.168411e-83  6.554427e-37  1.877311e-17   
284           Thomas, Aaran  9.168411e-83  6.554427e-37  1.877311e-17   
259                Gong, Li  9.168411e-83  6.554427e-37  1.877311e-17   
140         Ulliel, Gaspard  9.168411e-83  6.554427e-37  1.877311e-17   
134           Cooper, Chris  8.635908e-83  6.173745e-37  1.768276e-17   
14      Dhavernas, Caroline  8.635908e-83  6.173745e-37  1.768276e-17   
299         Phillippe, Ryan  3.499091e-82 -1.654330e-24  4.985131e-01   
207           Linney, Laura  8.635908e-83  6.173745e-37  1.768276e-17   
26            Hines, Cheryl  5.513281e-83  3.941402e-37  1.128892e-17   
161         Fillion, Nathan  5.513281e-83  3.941402e-37  1.128892e-17   
..                      ...           ...           ...           ...   
287   Taylor-Johnson, Aaron -4.259288e-60  5.510571e-03 -4.469619e-41   
167  Duncan, Michael Clarke -6.570891e-60  8.501269e-03 -6.895372e-41   
218          Farrell, Colin -6.570891e-60  8.501269e-03 -6.895372e-41   
178        Garner, Jennifer -6.570891e-60  8.501269e-03 -6.895372e-41   
60             Affleck, Ben -6.570891e-60  8.501269e-03 -6.895372e-41   
191             Zahn, Steve  2.254742e-01  1.016998e-02 -8.248862e-41   
6               Feore, Colm  1.338175e-56  1.016998e-02 -8.248862e-41   
90               Duke, Bill  1.338175e-56  1.016998e-02 -8.248862e-41   
120         Freeman, Morgan -8.343642e-60  1.079482e-02 -8.755665e-41   
4             Hunter, Holly -8.343642e-60  1.079482e-02 -8.755665e-41   
31      Thornton, Billy Bob -8.343642e-60  1.079482e-02 -8.755665e-41   
61           Dunst, Kirsten -8.343642e-60  1.079482e-02 -8.755665e-41   
7            Atkins, Eileen -8.945750e-60  1.157381e-02 -9.387506e-41   
247            Firth, Colin -8.945750e-60  1.157381e-02 -9.387506e-41   
228           Bynes, Amanda -8.945750e-60  1.157381e-02 -9.387506e-41   
124          Preston, Kelly -8.945750e-60  1.157381e-02 -9.387506e-41   
72                Daly, Tim -9.326747e-60  1.206673e-02  4.265610e-39   
34          Nielsen, Connie -9.326747e-60  1.206673e-02  4.265610e-39   
56       Jackson, Samuel L. -9.326747e-60  1.206673e-02  4.265610e-39   
208         Fiennes, Joseph -1.061929e-59  1.373900e-02  1.616581e-02   
169   Zeta-Jones, Catherine -1.061929e-59  1.373900e-02  3.610624e-39   
184      Pfeiffer, Michelle -1.061929e-59  1.373900e-02  3.610624e-39   
117              Pitt, Brad -1.061929e-59  1.373900e-02  3.610624e-39   
152        O'Connell, Jerry -3.858420e-58  4.991937e-01 -4.048956e-39   
125     Walken, Christopher -3.858420e-58  4.991937e-01 -4.048956e-39   
214         Warren, Estella -3.858420e-58  4.991937e-01 -4.048956e-39   
226               Hu, Kelly -3.858593e-58  4.992160e-01 -4.049136e-39   
45                  Li, Jet -3.858593e-58  4.992160e-01 -4.049136e-39   
96                      DMX -3.858593e-58  4.992160e-01 -4.049136e-39   
301       Anderson, Anthony -7.717013e-58  9.984096e-01 -8.098092e-39   

              ls4           ls5  
282  2.803966e-01 -4.819513e-33  
263  2.803966e-01 -4.819513e-33  
230  2.803966e-01 -4.819513e-33  
39   2.803966e-01 -4.819513e-33  
288  2.772542e-01 -4.765499e-33  
277  2.772542e-01 -4.765499e-33  
86   2.772542e-01 -4.765499e-33  
176  2.772542e-01 -4.765499e-33  
295  2.338489e-01 -4.019442e-33  
30   2.338489e-01 -4.019442e-33  
106  2.338489e-01 -4.019442e-33  
243  2.338489e-01 -4.019442e-33  
260  1.936768e-01  4.220587e-18  
35   1.936768e-01 -3.328956e-33  
173  1.936768e-01 -3.328956e-33  
162  1.936768e-01  3.370248e-26  
59   1.768495e-01 -3.039725e-33  
180  1.768495e-01 -3.039725e-33  
84   1.768495e-01 -3.039725e-33  
49   1.768495e-01 -3.039725e-33  
290  1.677199e-01 -2.882803e-33  
284  1.677199e-01 -2.882803e-33  
259  1.677199e-01 -2.882803e-33  
140  1.677199e-01 -2.882803e-33  
134  1.579787e-01 -2.715370e-33  
14   1.579787e-01 -2.715370e-33  
299  1.579787e-01  1.110202e-16  
207  1.579787e-01 -2.715370e-33  
26   1.008558e-01 -1.733529e-33  
161  1.008558e-01 -1.733529e-33  
..            ...           ...  
287 -1.222783e-27  1.826158e-26  
167 -1.886412e-27  2.817252e-26  
218 -1.886412e-27  2.817252e-26  
178 -1.886412e-27  2.817252e-26  
60  -1.886412e-27  2.817252e-26  
191 -2.256695e-27  3.370249e-26  
6   -2.256695e-27  3.370249e-26  
90  -2.256695e-27  3.370249e-26  
120 -2.395345e-27  3.577314e-26  
4   -2.395345e-27  3.577314e-26  
31  -2.395345e-27  3.577314e-26  
61  -2.395345e-27  3.577314e-26  
7   -2.568202e-27  3.835466e-26  
247 -2.568202e-27  3.835466e-26  
228 -2.568202e-27  3.835466e-26  
124 -2.568202e-27  3.835466e-26  
72  -2.677581e-27  3.998818e-26  
34  -2.677581e-27  3.998818e-26  
56  -2.677581e-27  3.998818e-26  
208 -3.048652e-27  3.600170e-18  
169 -3.048652e-27  4.552992e-26  
184 -3.048652e-27  4.552992e-26  
117 -3.048652e-27  4.552992e-26  
152 -1.107699e-25  1.654287e-24  
125 -1.107699e-25  1.654287e-24  
214 -1.107699e-25  1.654287e-24  
226 -1.107749e-25  1.654361e-24  
45  -1.107749e-25  1.654361e-24  
96  -1.107749e-25  1.654361e-24  
301 -2.215448e-25  3.308649e-24  

[309 rows x 6 columns]
Latent semantic for actor sorted by LS5
                      actor           ls1           ls2           ls3  \
225              Reno, Jean  2.592620e-67  7.102412e-25 -2.901611e-33   
174               LL Cool J  2.592620e-67  7.102412e-25 -2.901611e-33   
215         Romijn, Rebecca  2.592620e-67  7.102412e-25 -2.901611e-33   
182            Klein, Chris  2.592620e-67  7.102412e-25 -2.901611e-33   
142         Flanagan, Tommy  1.682864e-01  6.808017e-25 -2.781340e-33   
3           Chaplin, Carmen  4.598523e-66  6.808017e-25 -2.781340e-33   
233                Ice Cube  4.598523e-66  6.808017e-25 -2.781340e-33   
119              Epps, Mike  4.598523e-66  6.808017e-25 -2.781340e-33   
302     Armstrong, Brittany  2.410777e-67  6.604258e-25 -2.698096e-33   
48      Mainwaring, Cameron  2.410777e-67  6.604258e-25 -2.698096e-33   
286        Glauser, Michael  2.410777e-67  6.604258e-25 -2.698096e-33   
306        Cronin, Jonathan  2.410777e-67  6.604258e-25 -2.698096e-33   
115           Foster, Jodie  6.063685e-66  6.449771e-25 -2.634982e-33   
217          Yoakam, Dwight  2.254742e-01  6.449771e-25 -2.634982e-33   
273        Stewart, Kristen  6.063685e-66  6.449771e-25 -2.634982e-33   
227        Whitaker, Forest  6.063685e-66  6.449771e-25 -2.634982e-33   
82              Romano, Ray  2.312756e-67  6.335730e-25 -2.588392e-33   
283            Leary, Denis  2.312756e-67  6.335730e-25 -2.588392e-33   
197          Visnjic, Goran  2.312756e-67  6.335730e-25 -2.588392e-33   
68          Leguizamo, John  2.312756e-67  6.335730e-25 -2.588392e-33   
24      Prinze Jr., Freddie  2.088370e-67  5.721032e-25 -2.337264e-33   
13        Cardellini, Linda  2.088370e-67  5.721032e-25 -2.337264e-33   
105  Gellar, Sarah Michelle  2.088370e-67  5.721032e-25 -2.337264e-33   
2          Lillard, Matthew  2.088370e-67  5.721032e-25 -2.337264e-33   
206         McCormack, Mary  1.989997e-67  5.451543e-25 -2.227167e-33   
80          Duchovny, David  1.989997e-67  5.451543e-25 -2.227167e-33   
164             Katt, Nicky  1.989997e-67  5.451543e-25 -2.227167e-33   
274       Keener, Catherine  1.989997e-67  5.451543e-25 -2.227167e-33   
168         Neri, Francesca  1.735719e-67  4.754955e-25 -1.942584e-33   
179           Curtis, Cliff  1.735719e-67  4.754955e-25 -1.942584e-33   
..                      ...           ...           ...           ...   
1           Short, Columbus  2.362531e-83  1.688956e-37  4.837486e-18   
194           Russell, Keri  5.513281e-83  3.941402e-37  1.128892e-17   
161         Fillion, Nathan  5.513281e-83  3.941402e-37  1.128892e-17   
26            Hines, Cheryl  5.513281e-83  3.941402e-37  1.128892e-17   
71            Sisto, Jeremy  5.513281e-83  3.941402e-37  1.128892e-17   
134           Cooper, Chris  8.635908e-83  6.173745e-37  1.768276e-17   
207           Linney, Laura  8.635908e-83  6.173745e-37  1.768276e-17   
14      Dhavernas, Caroline  8.635908e-83  6.173745e-37  1.768276e-17   
290  Tachovsk, Helena-Lia  9.168411e-83  6.554427e-37  1.877311e-17   
284           Thomas, Aaran  9.168411e-83  6.554427e-37  1.877311e-17   
140         Ulliel, Gaspard  9.168411e-83  6.554427e-37  1.877311e-17   
259                Gong, Li  9.168411e-83  6.554427e-37  1.877311e-17   
180         Freeman, Martin  9.667480e-83  6.911208e-37  1.979500e-17   
49              Pegg, Simon  9.667480e-83  6.911208e-37  1.979500e-17   
59           Popper, Robert  9.667480e-83  6.911208e-37  1.979500e-17   
84              Nighy, Bill  9.667480e-83  6.911208e-37  1.979500e-17   
35               Allen, Tim  4.313436e-81  7.568812e-37  2.167850e-17   
173        Macy, William H.  4.313436e-81  7.568812e-37  2.167850e-17   
30            Swank, Hilary  1.278335e-82  9.138721e-37  2.617501e-17   
295            Glenn, Scott  1.278335e-82  9.138721e-37  2.617501e-17   
106        Staunton, Imelda  1.278335e-82  9.138721e-37  2.617501e-17   
243        Dempsey, Patrick  1.278335e-82  9.138721e-37  2.617501e-17   
176      Downey Jr., Robert  1.515610e-82  1.083498e-36  3.103342e-17   
288        Gyllenhaal, Jake  1.515610e-82  1.083498e-36  3.103342e-17   
86            Ruffalo, Mark  1.515610e-82  1.083498e-36  3.103342e-17   
277        Edwards, Anthony  1.515610e-82  1.083498e-36  3.103342e-17   
263          Campbell, Adam  1.532788e-82  1.095779e-36  3.138516e-17   
282      Coolidge, Jennifer  1.532788e-82  1.095779e-36  3.138516e-17   
230               Penn, Kal  1.532788e-82  1.095779e-36  3.138516e-17   
39              Mays, Jayma  1.532788e-82  1.095779e-36  3.138516e-17   

              ls4           ls5  
225  4.882924e-18  2.363278e-01  
174  4.882924e-18  2.363278e-01  
215  4.882924e-18  2.363278e-01  
182  4.882924e-18  2.363278e-01  
142  4.680527e-18  2.265320e-01  
3    4.680527e-18  2.265320e-01  
233  4.680527e-18  2.265320e-01  
119  4.680527e-18  2.265320e-01  
302  4.540443e-18  2.197521e-01  
48   4.540443e-18  2.197521e-01  
286  4.540443e-18  2.197521e-01  
306  4.540443e-18  2.197521e-01  
115  4.434232e-18  2.146116e-01  
217  4.434232e-18  2.146116e-01  
273  4.434232e-18  2.146116e-01  
227  4.434232e-18  2.146116e-01  
82   4.355829e-18  2.108170e-01  
283  4.355829e-18  2.108170e-01  
197  4.355829e-18  2.108170e-01  
68   4.355829e-18  2.108170e-01  
24   3.933223e-18  1.903633e-01  
13   3.933223e-18  1.903633e-01  
105  3.933223e-18  1.903633e-01  
2    3.933223e-18  1.903633e-01  
206  3.747948e-18  1.813963e-01  
80   3.747948e-18  1.813963e-01  
164  3.747948e-18  1.813963e-01  
274  3.747948e-18  1.813963e-01  
168  3.269042e-18  1.582178e-01  
179  3.269042e-18  1.582178e-01  
..            ...           ...  
1    4.321835e-02 -7.428456e-34  
194  1.008558e-01 -1.733529e-33  
161  1.008558e-01 -1.733529e-33  
26   1.008558e-01 -1.733529e-33  
71   1.008558e-01 -1.733529e-33  
134  1.579787e-01 -2.715370e-33  
207  1.579787e-01 -2.715370e-33  
14   1.579787e-01 -2.715370e-33  
290  1.677199e-01 -2.882803e-33  
284  1.677199e-01 -2.882803e-33  
140  1.677199e-01 -2.882803e-33  
259  1.677199e-01 -2.882803e-33  
180  1.768495e-01 -3.039725e-33  
49   1.768495e-01 -3.039725e-33  
59   1.768495e-01 -3.039725e-33  
84   1.768495e-01 -3.039725e-33  
35   1.936768e-01 -3.328956e-33  
173  1.936768e-01 -3.328956e-33  
30   2.338489e-01 -4.019442e-33  
295  2.338489e-01 -4.019442e-33  
106  2.338489e-01 -4.019442e-33  
243  2.338489e-01 -4.019442e-33  
176  2.772542e-01 -4.765499e-33  
288  2.772542e-01 -4.765499e-33  
86   2.772542e-01 -4.765499e-33  
277  2.772542e-01 -4.765499e-33  
263  2.803966e-01 -4.819513e-33  
282  2.803966e-01 -4.819513e-33  
230  2.803966e-01 -4.819513e-33  
39   2.803966e-01 -4.819513e-33  

[309 rows x 6 columns]
Cluster 1:
[2000, 2004, 2005, 2007]
Cluster 2:
[2001]
Cluster 3:
[2002]
Cluster 4:
[2006]
Cluster 5:
[2003]
Cluster 1:
['Charlie and the Chocolate Factory', 'Dungeons & Dragons', 'Cradle 2 the Grave', 'Enemy at the Gates', 'Brigham City', 'Scream 3', 'Final Destination 2', 'Bigger Than the Sky', 'Romeo Must Die', 'Sweet November', '3000 Miles to Graceland', 'Erin Brockovich', 'First Sunday', 'Chain of Fools', 'Smart People', 'Because of Winn-Dixie', 'Harold & Kumar Escape from Guantanamo Bay', 'Hannibal', 'Final Fantasy: The Spirits Within', 'Carman: The Champion', 'Catch That Kid', 'Cloverfield', 'United 300', 'Wonder Boys', 'Godsend', "Nim's Island", 'Trois', 'Boogeyman', 'Be Cool', '15 Minutes', 'Digimon: The Movie', 'Constantine', 'Against the Ropes', 'Robots', 'Basic', "My Mom's New Boyfriend", 'National Security', 'What a Girl Wants', 'Swordfish', 'Alone in the Dark', 'Harry Potter and the Prisoner of Azkaban', 'Waitress', 'Starsky & Hutch', 'Agent Cody Banks 2: Destination London', 'Kangaroo Jack', 'Stomp the Yard', 'Sinbad: Legend of the Seven Seas', 'Pitch Black', 'Spartan', 'Jumper', 'State Property', 'Shanghai Knights', 'Daredevil', 'Assault on Precinct 13', 'U-571', 'Dawn of the Dead', 'Torque', 'Untraceable']
Cluster 2:
['Hot Fuzz', 'Epic Movie', 'Breach', 'Hannibal Rising', 'Freedom Writers', 'Wild Hogs', 'Zodiac']
Cluster 3:
['Half Light', 'Over the Hedge', "Big Momma's House 2", 'When a Stranger Calls', 'Eight Below', 'Bandidas', 'Ultraviolet', 'Annapolis', "Madea's Family Reunion"]
Cluster 4:
['Full Frontal', 'Rollerball', 'Ice Age', 'Collateral Damage', 'All About the Benjamins', 'Panic Room', 'Scooby-Doo', 'Clubhouse Detectives in Big Trouble', 'Stolen Summer']
Cluster 5:
['Antitrust', 'Texas Rangers']
Cluster 1:
['Long, Nia', 'Chinlund, Nick', 'Cusick, Henry Ian', 'Shandling, Garry', 'Wahlberg, Donnie', 'Levi, Zachary', 'Crewson, Wendy', 'Cassidy, Katie', 'El-Balawi, Beans', 'Kodjoe, Boris', 'Moore, Demi', 'Walker, Paul', 'Willis, Bruce', 'Isitt, Kate', 'Foley, Macka', 'Franco, James', 'Underwood, Blair', 'Procter, Emily', 'Lawrence, Martin', 'Belle, Camilla', 'Bloodgood, Moon', 'Cruz, Pen\xc3\x83\xc2\xa9lope', 'Andrieu, Sebastien', 'Zahn, Steve', 'Hayek, Salma', 'Bright, Cameron', 'Perry, Tyler', 'Sykes, Wanda', 'Yoakam, Dwight', 'Thompson, Tessa', 'Greenwood, Bruce', 'Carell, Steve', 'Jovovich, Milla', 'Whitfield, Lynn', 'Parrack, Jim']
Cluster 2:
['Miller, T.J.', 'Short, Columbus', 'Hunter, Holly', 'Christensen, Hayden', 'Feore, Colm', 'Atkins, Eileen', 'Papenbrook, Bob', 'Church, Thomas Haden', 'Manterola, Patricia', 'Dourdan, Gary', 'Dutton, Charles S.', 'Dhavernas, Caroline', 'Carman, Michael', 'Keitel, Harvey', 'Fisher, Tom', 'Hauser, Cole', 'Wood, Elijah', 'Spearritt, Hannah', 'Wen, Ming-Na', 'Watson, Barry', 'Hines, Cheryl', 'Highmore, Freddie', 'Gamble, Ken', 'Swank, Hilary', 'Thornton, Billy Bob', 'Snoop Dogg', 'Nielsen, Connie', 'Allen, Tim', 'Jackson, Roger', 'Quaid, Dennis', 'Mays, Jayma', 'Beesley, Max', 'Weber, Jake', 'Good, Meagan', 'Griffiths, Richard', 'Law, Jude', 'Rutherford, Kelly', 'Isaacs, Jason', 'Pegg, Simon', 'Roberts, Julia', 'Morgan, Tracy', 'Nouri, Michael', 'Depp, Johnny', 'Jackson, Samuel L.', 'Parker, Sarah Jessica', 'Popper, Robert', 'Affleck, Ben', 'Dunst, Kirsten', 'Smart, Amy', 'Irons, Jeremy', 'David, Keith', 'Harris, Ed', 'Grammer, Kelsey', 'Corbett, John', 'Douglas, Michael', 'Sisto, Jeremy', 'Daly, Tim', 'Larter, Ali', 'Moore, Julianne', 'Kilmer, Val', 'Reid, Tara', 'Bell, Jamie', 'Wayans, Marlon', 'Nighy, Bill', 'Mussett, Tory', 'Ruffalo, Mark', 'Toussaint, Beth', 'Corddry, Rob', 'Robb, AnnaSophia', 'Duke, Bill', 'Muniz, Frankie', 'Lane, Diane', 'Breslin, Abigail', 'Ryan, Meg', 'Butler, Gerard', 'Russell, Kurt', 'Burn, Scott', 'Bleu, Corbin', 'Jackman, Hugh', 'Ashker, John', 'Devine, Loretta', 'Wilson, Owen', 'Staunton, Imelda', 'McCole Bartusiak, Skye', 'Cook, Dane', 'Brown, Matthew A.', 'Slater, Christian', 'Thieriot, Max', 'Morgan, Carrie', 'Bello, Maria', 'Dutcher, Richard', 'Pitt, Brad', 'Brimley, Wilford', 'Freeman, Morgan', 'Radcliffe, Daniel', 'Carman', 'Preston, Kelly', 'Banderas, Antonio', 'Vaughn, Vince', 'Williamson, Fred', 'Williams, Katt', 'Miller, Lara Jill', 'Payne, Bruce', 'Chan, Jackie', 'Campbell, Jeremie', 'Cooper, Chris', 'Burke, Billy', 'Wong, Russell', 'Beals, Jennifer', 'Williams, Jeremy', 'Ulliel, Gaspard', 'Ne-Yo', 'Daniels, Jeff', 'Sigel, Beanie', 'Paxton, Bill', 'Burns, Edward', 'Hanks, Colin', 'Hounsou, Djimon', 'Shalhoub, Tony', 'Caplan, Lizzy', 'Astin, Sean', 'Bleek, Memphis', 'Baldwin, Alec', 'Fillion, Nathan', 'Bilson, Rachel', 'Kinnear, Greg', 'Turner, Frank C.', 'Duncan, Michael Clarke', 'Zeta-Jones, Catherine', 'Matthews, Dave', 'Fishburne, Laurence', 'Macy, William H.', 'Finney, Albert', 'Downey Jr., Robert', 'Cheadle, Don', 'Garner, Jennifer', 'Freeman, Martin', 'Polley, Sarah', 'Paetkau, David', 'Pfeiffer, Michelle', 'Stahl-David, Michael', 'Tyson, Cicely', 'Cedric the Entertainer', 'Lamont, Ceilidh', 'Russell, Keri', 'Whalin, Justin', 'Buscemi, Steve', 'Diesel, Vin', 'Thurman, Uma', 'Oldman, Gary', 'Linney, Laura', 'Fiennes, Joseph', 'Epps, Omar', 'McConaughey, Matthew', 'Hawke, Ethan', 'Landes, Michael', 'Bonham Carter, Helena', 'Farrell, Colin', 'Cox, Courteney', 'Rhames, Ving', 'Seth, Joshua', 'Abdul, Paula', 'Moore, Kenya', 'Texada, Tia', 'Bynes, Amanda', 'Brooks, Avery', 'Penn, Kal', 'Weisz, Rachel', 'Cross, Joseph', 'Cho, John', 'Phifer, Mekhi', 'Cook, A.J.', 'Henson, Darrin Dewitt', 'Didawick, Dawn', 'Bon Jovi, Jon', 'Page, Ellen', 'Dempsey, Patrick', 'Palmer, Gretchen', 'Deschanel, Emily', 'Firth, Colin', 'De Niro, Robert', 'Byrne, Gabriel', 'Stiller, Ben', 'Bradshaw, Terry', 'Mitchell, Radha', 'Schreiber, Liev', 'Conley, Jack', 'Gong, Li', 'Travolta, John', 'Dorff, Stephen', 'Thomas, Marcus', 'Campbell, Adam', 'Bliss, Lucille', 'Aaliyah', 'Smith, Soloman K.', 'Goldblum, Jeff', 'Brisbin, David', 'Lucas, Jessica', 'Luke, Derek', 'Kelly, David', 'Berry, Halle', 'Edwards, Anthony', 'Ferris, Pam', 'Hopkins, Anthony', 'Sparks, Omillio', 'LaBeouf, Shia', 'Coolidge, Jennifer', 'Thomas, Aaran', 'Reeves, Keanu', 'Taylor-Johnson, Aaron', 'Gyllenhaal, Jake', 'Tachovsk\xc3\x83\xc2\xa1, Helena-Lia', 'Stevenson, Cynthia', 'Blair, Selma', 'Germann, Greg', 'Theron, Charlize', 'Glenn, Scott', 'Dash, Damon', 'Washington, Isaiah', 'Costner, Kevin', 'Shaw, Fiona', 'Maguire, Tobey', 'Liotta, Ray', 'McDormand, Frances']
Cluster 3:
['Van Der Beek, James', 'Cook, Rachael Leigh', 'Forlani, Claire', 'McDermott, Dylan', 'Kutcher, Ashton', 'Robbins, Tim', 'Phillippe, Ryan']
Cluster 4:
['Lillard, Matthew', 'Chaplin, Carmen', 'Cardellini, Linda', 'Prinze Jr., Freddie', 'Mainwaring, Cameron', 'Pollak, Kevin', 'Leguizamo, John', 'Duchovny, David', 'Romano, Ray', 'Gellar, Sarah Michelle', 'Foster, Jodie', 'Epps, Mike', 'Flanagan, Tommy', 'Katt, Nicky', 'Neri, Francesca', 'LL Cool J', 'Curtis, Cliff', 'Klein, Chris', 'Visnjic, Goran', 'Quinn, Aidan', 'McCormack, Mary', 'Romijn, Rebecca', 'Reno, Jean', 'Whitaker, Forest', 'Ice Cube', 'Koteas, Elias', 'Schwarzenegger, Arnold', 'Hunt, Bonnie', 'Thomas, Eddie Kaye', 'Stewart, Kristen', 'Keener, Catherine', 'Leary, Denis', 'Glauser, Michael', 'Armstrong, Brittany', 'Cronin, Jonathan']
Cluster 5:
['Li, Jet', 'DMX', 'Walken, Christopher', "O'Connell, Jerry", 'Warren, Estella', 'Hu, Kelly', 'Anderson, Anthony']

Process finished with exit code 0