[unfolded_dtensor([[  0.00000000e+00,   0.00000000e+00,   0.00000000e+00,
                     0.00000000e+00,   0.00000000e+00],
                  [  0.00000000e+00,   0.00000000e+00,   0.00000000e+00,
                     0.00000000e+00,   0.00000000e+00],
                  [  3.44355011e-01,   1.07519716e-01,  -9.88447877e-01,
                     2.46058569e-01,  -6.80985644e-03],
                  [  0.00000000e+00,   0.00000000e+00,   0.00000000e+00,
                     0.00000000e+00,   0.00000000e+00],
                  [  0.00000000e+00,   0.00000000e+00,   0.00000000e+00,
                     0.00000000e+00,   0.00000000e+00],
                  [  0.00000000e+00,   0.00000000e+00,   0.00000000e+00,
                     0.00000000e+00,   0.00000000e+00],
                  [  0.00000000e+00,   0.00000000e+00,   0.00000000e+00,
                     0.00000000e+00,   0.00000000e+00],
                  [  4.25532088e-03,  -3.32545255e-03,  -8.34534597e-02,
                     4.13135488e-02,   9.74615098e-05],
                  [ -3.78431089e-12,  -7.47863041e-13,   1.46663917e-11,
                    -9.64826310e-12,   4.39116256e-12],
                  [  5.67892436e-01,   2.88720173e-01,   2.85373301e-02,
                    -5.59877278e-01,   2.23416641e-03],
                  [ -2.47176323e-08,  -8.44588166e-09,   6.97820835e-08,
                     4.64959313e-10,  -3.67236068e-09],
                  [ -4.15227594e-04,  -2.55223507e-04,  -1.20818134e-03,
                     7.38638583e-04,   1.00000000e+00],
                  [ -3.84560808e-22,  -8.25724033e-23,   1.36272461e-21,
                    -9.54946339e-22,   4.83309155e-22],
                  [ -1.52763369e-08,  -5.21984193e-09,   4.31276994e-08,
                     2.87360658e-10,  -2.26964372e-09],
                  [  0.00000000e+00,   0.00000000e+00,   0.00000000e+00,
                     0.00000000e+00,   0.00000000e+00],
                  [  7.97136191e-01,   3.82301641e-01,   1.13353810e-01,
                    -1.18278700e-01,   1.83924216e-04],
                  [ -9.83585264e-01,   1.00000000e+00,  -1.04156762e+00,
                     2.77133783e-01,   9.78257964e-06],
                  [  0.00000000e+00,   0.00000000e+00,   0.00000000e+00,
                     0.00000000e+00,   0.00000000e+00],
                  [  7.98699765e-01,   3.78960497e-01,   5.03469949e-02,
                    -8.55543605e-02,   2.62196582e-04],
                  [  4.08832944e-01,   3.91611006e-02,  -2.54714905e+00,
                     1.00000000e+00,   2.55660636e-03],
                  [  4.59731035e-22,   2.26679279e-22,   1.38085786e-21,
                     1.22998521e-21,  -2.03595965e-21],
                  [  0.00000000e+00,   0.00000000e+00,   0.00000000e+00,
                     0.00000000e+00,   0.00000000e+00],
                  [  0.00000000e+00,   0.00000000e+00,   0.00000000e+00,
                     0.00000000e+00,   0.00000000e+00],
                  [ -1.44788063e-17,  -1.89892585e-15,  -2.87718184e-14,
                     1.57928444e-14,  -3.19162033e-18],
                  [ -1.88018230e-12,  -3.38066113e-13,   8.06927502e-12,
                    -4.77655112e-12,   1.80762528e-12],
                  [  1.45223069e-21,   7.13687042e-23,  -1.06371476e-20,
                     3.62327418e-21,   6.84060967e-22],
                  [  7.96318181e-08,  -2.52286777e-07,  -4.35622425e-06,
                     2.47311589e-06,  -3.83052179e-08],
                  [ -6.02604444e-24,   5.15200776e-24,   1.24857608e-22,
                    -6.21893150e-23,  -1.32537511e-25],
                  [  0.00000000e+00,   0.00000000e+00,   0.00000000e+00,
                     0.00000000e+00,   0.00000000e+00],
                  [  0.00000000e+00,   0.00000000e+00,   0.00000000e+00,
                     0.00000000e+00,   0.00000000e+00],
                  [  0.00000000e+00,   0.00000000e+00,   0.00000000e+00,
                     0.00000000e+00,   0.00000000e+00],
                  [  0.00000000e+00,   0.00000000e+00,   0.00000000e+00,
                     0.00000000e+00,   0.00000000e+00],
                  [  0.00000000e+00,   0.00000000e+00,   0.00000000e+00,
                     0.00000000e+00,   0.00000000e+00],
                  [  0.00000000e+00,   0.00000000e+00,   0.00000000e+00,
                     0.00000000e+00,   0.00000000e+00],
                  [  0.00000000e+00,   0.00000000e+00,   0.00000000e+00,
                     0.00000000e+00,   0.00000000e+00],
                  [  0.00000000e+00,   0.00000000e+00,   0.00000000e+00,
                     0.00000000e+00,   0.00000000e+00],
                  [ -6.97584028e-24,   6.80816571e-24,   1.57727786e-22,
                    -7.86821470e-23,  -2.80695168e-25],
                  [ -6.76841659e-21,  -1.15984822e-21,   3.03672616e-20,
                    -1.71833971e-20,   5.89125284e-21],
                  [  1.68731328e-24,  -3.30885317e-24,  -6.31837096e-23,
                     3.31641485e-23,  -3.07844794e-26],
                  [ -1.84986112e-21,  -4.38361010e-22,   5.47865179e-21,
                    -4.74280962e-21,   2.94595428e-21],
                  [  0.00000000e+00,   0.00000000e+00,   0.00000000e+00,
                     0.00000000e+00,   0.00000000e+00],
                  [  0.00000000e+00,   0.00000000e+00,   0.00000000e+00,
                     0.00000000e+00,   0.00000000e+00],
                  [  0.00000000e+00,   0.00000000e+00,   0.00000000e+00,
                     0.00000000e+00,   0.00000000e+00],
                  [ -2.53756133e-24,   2.63556835e-24,   5.96954514e-23,
                    -3.00267776e-23,  -7.05357157e-26],
                  [  0.00000000e+00,   0.00000000e+00,   0.00000000e+00,
                     0.00000000e+00,   0.00000000e+00],
                  [  0.00000000e+00,   0.00000000e+00,   0.00000000e+00,
                     0.00000000e+00,   0.00000000e+00],
                  [  0.00000000e+00,   0.00000000e+00,   0.00000000e+00,
                     0.00000000e+00,   0.00000000e+00],
                  [  0.00000000e+00,   0.00000000e+00,   0.00000000e+00,
                     0.00000000e+00,   0.00000000e+00],
                  [  0.00000000e+00,   0.00000000e+00,   0.00000000e+00,
                     0.00000000e+00,   0.00000000e+00],
                  [  0.00000000e+00,   0.00000000e+00,   0.00000000e+00,
                     0.00000000e+00,   0.00000000e+00],
                  [  0.00000000e+00,   0.00000000e+00,   0.00000000e+00,
                     0.00000000e+00,   0.00000000e+00],
                  [ -6.14414235e-12,  -1.03549515e-12,   2.79793317e-11,
                    -1.55818077e-11,   5.14395117e-12],
                  [  0.00000000e+00,   0.00000000e+00,   0.00000000e+00,
                     0.00000000e+00,   0.00000000e+00],
                  [  0.00000000e+00,   0.00000000e+00,   0.00000000e+00,
                     0.00000000e+00,   0.00000000e+00],
                  [  0.00000000e+00,   0.00000000e+00,   0.00000000e+00,
                     0.00000000e+00,   0.00000000e+00],
                  [  0.00000000e+00,   0.00000000e+00,   0.00000000e+00,
                     0.00000000e+00,   0.00000000e+00],
                  [  0.00000000e+00,   0.00000000e+00,   0.00000000e+00,
                     0.00000000e+00,   0.00000000e+00],
                  [  0.00000000e+00,   0.00000000e+00,   0.00000000e+00,
                     0.00000000e+00,   0.00000000e+00],
                  [ -6.94106486e-10,   2.43021232e-10,   9.05259508e-09,
                    -4.24230889e-09,  -1.54413132e-11],
                  [  0.00000000e+00,   0.00000000e+00,   0.00000000e+00,
                     0.00000000e+00,   0.00000000e+00],
                  [  0.00000000e+00,   0.00000000e+00,   0.00000000e+00,
                     0.00000000e+00,   0.00000000e+00],
                  [  0.00000000e+00,   0.00000000e+00,   0.00000000e+00,
                     0.00000000e+00,   0.00000000e+00],
                  [  0.00000000e+00,   0.00000000e+00,   0.00000000e+00,
                     0.00000000e+00,   0.00000000e+00],
                  [  0.00000000e+00,   0.00000000e+00,   0.00000000e+00,
                     0.00000000e+00,   0.00000000e+00],
                  [  0.00000000e+00,   0.00000000e+00,   0.00000000e+00,
                     0.00000000e+00,   0.00000000e+00],
                  [  0.00000000e+00,   0.00000000e+00,   0.00000000e+00,
                     0.00000000e+00,   0.00000000e+00],
                  [  0.00000000e+00,   0.00000000e+00,   0.00000000e+00,
                     0.00000000e+00,   0.00000000e+00],
                  [  0.00000000e+00,   0.00000000e+00,   0.00000000e+00,
                     0.00000000e+00,   0.00000000e+00],
                  [  0.00000000e+00,   0.00000000e+00,   0.00000000e+00,
                     0.00000000e+00,   0.00000000e+00],
                  [  0.00000000e+00,   0.00000000e+00,   0.00000000e+00,
                     0.00000000e+00,   0.00000000e+00],
                  [  0.00000000e+00,   0.00000000e+00,   0.00000000e+00,
                     0.00000000e+00,   0.00000000e+00],
                  [  0.00000000e+00,   0.00000000e+00,   0.00000000e+00,
                     0.00000000e+00,   0.00000000e+00],
                  [  0.00000000e+00,   0.00000000e+00,   0.00000000e+00,
                     0.00000000e+00,   0.00000000e+00],
                  [  0.00000000e+00,   0.00000000e+00,   0.00000000e+00,
                     0.00000000e+00,   0.00000000e+00],
                  [  0.00000000e+00,   0.00000000e+00,   0.00000000e+00,
                     0.00000000e+00,   0.00000000e+00],
                  [  0.00000000e+00,   0.00000000e+00,   0.00000000e+00,
                     0.00000000e+00,   0.00000000e+00],
                  [  0.00000000e+00,   0.00000000e+00,   0.00000000e+00,
                     0.00000000e+00,   0.00000000e+00],
                  [  0.00000000e+00,   0.00000000e+00,   0.00000000e+00,
                     0.00000000e+00,   0.00000000e+00],
                  [  2.25757661e-13,   3.14829772e-14,  -1.16997828e-12,
                     5.81805392e-13,  -1.31631423e-13],
                  [  0.00000000e+00,   0.00000000e+00,   0.00000000e+00,
                     0.00000000e+00,   0.00000000e+00],
                  [  0.00000000e+00,   0.00000000e+00,   0.00000000e+00,
                     0.00000000e+00,   0.00000000e+00],
                  [  5.84481895e-21,   9.74836534e-22,  -2.68154354e-20,
                     1.48612920e-20,  -4.83447966e-21],
                  [  0.00000000e+00,   0.00000000e+00,   0.00000000e+00,
                     0.00000000e+00,   0.00000000e+00],
                  [  0.00000000e+00,   0.00000000e+00,   0.00000000e+00,
                     0.00000000e+00,   0.00000000e+00],
                  [  0.00000000e+00,   0.00000000e+00,   0.00000000e+00,
                     0.00000000e+00,   0.00000000e+00],
                  [  0.00000000e+00,   0.00000000e+00,   0.00000000e+00,
                     0.00000000e+00,   0.00000000e+00]]), unfolded_dtensor([[  4.71709102e-01,   5.00343807e-01,   3.65451820e-01,
                     4.88998144e-01,   2.35570878e-04],
                  [  4.71709102e-01,   5.00343807e-01,   3.65451820e-01,
                     4.88998144e-01,   2.35570878e-04],
                  [  4.71709102e-01,   5.00343807e-01,   3.65451820e-01,
                     4.88998144e-01,   2.35570878e-04],
                  [  4.71709102e-01,   5.00343807e-01,   3.65451820e-01,
                     4.88998144e-01,   2.35570878e-04],
                  [  9.47708781e-01,   1.00000000e+00,   7.35328725e-01,
                     1.00000000e+00,   1.00000000e+00],
                  [  4.71709102e-01,   5.00343807e-01,   3.65451820e-01,
                     4.88998144e-01,   2.35570878e-04],
                  [  1.49426196e-01,  -1.64971175e-01,  -2.61130109e-01,
                     1.09778219e-01,   1.50998755e-03],
                  [  1.49426196e-01,  -1.64971175e-01,  -2.61130109e-01,
                     1.09778219e-01,   1.50998755e-03],
                  [  1.49426196e-01,  -1.64971175e-01,  -2.61130109e-01,
                     1.09778219e-01,   1.50998755e-03],
                  [  1.49426196e-01,  -1.64971175e-01,  -2.61130109e-01,
                     1.09778219e-01,   1.50998755e-03],
                  [  1.49426196e-01,  -1.64971175e-01,  -2.61130109e-01,
                     1.09778219e-01,   1.50998755e-03],
                  [  1.49426196e-01,  -1.64971175e-01,  -2.61130109e-01,
                     1.09778219e-01,   1.50998755e-03],
                  [  4.75999976e-01,   4.99608183e-01,   3.69566678e-01,
                     5.10374099e-01,   2.83451739e-04],
                  [  4.75999976e-01,   4.99608183e-01,   3.69566678e-01,
                     5.10374099e-01,   2.83451739e-04],
                  [  4.75999976e-01,   4.99608183e-01,   3.69566678e-01,
                     5.10374099e-01,   2.83451739e-04],
                  [  4.75999976e-01,   4.99608183e-01,   3.69566678e-01,
                     5.10374099e-01,   2.83451739e-04],
                  [  4.75999976e-01,   4.99608183e-01,   3.69566678e-01,
                     5.10374099e-01,   2.83451739e-04],
                  [  6.95577703e-02,  -9.95524655e-02,  -2.68671622e-01,
                    -2.58663293e-01,  -4.61710686e-03],
                  [  6.95577703e-02,  -9.95524655e-02,  -2.68671622e-01,
                    -2.58663293e-01,  -4.61710686e-03],
                  [  6.95577703e-02,  -9.95524655e-02,  -2.68671622e-01,
                    -2.58663293e-01,  -4.61710686e-03],
                  [  6.95577703e-02,  -9.95524655e-02,  -2.68671622e-01,
                    -2.58663293e-01,  -4.61710686e-03],
                  [  6.95577703e-02,  -9.95524655e-02,  -2.68671622e-01,
                    -2.58663293e-01,  -4.61710686e-03],
                  [  6.95577703e-02,  -9.95524655e-02,  -2.68671622e-01,
                    -2.58663293e-01,  -4.61710686e-03],
                  [ -5.22022021e-02,  -2.38380579e-01,  -7.32401616e-01,
                    -1.29626328e+00,   1.45351737e-03],
                  [ -5.22022021e-02,  -2.38380579e-01,  -7.32401616e-01,
                    -1.29626328e+00,   1.45351737e-03],
                  [ -5.22022021e-02,  -2.38380579e-01,  -7.32401616e-01,
                    -1.29626328e+00,   1.45351737e-03],
                  [ -5.22022021e-02,  -2.38380579e-01,  -7.32401616e-01,
                    -1.29626328e+00,   1.45351737e-03],
                  [ -5.22022021e-02,  -2.38380579e-01,  -7.32401616e-01,
                    -1.29626328e+00,   1.45351737e-03],
                  [ -5.22022021e-02,  -2.38380579e-01,  -7.32401616e-01,
                    -1.29626328e+00,   1.45351737e-03],
                  [  1.88977495e-13,   9.63422363e-14,   1.46183948e-13,
                     4.89990849e-13,  -1.31619049e-13],
                  [  1.88977495e-13,   9.63422363e-14,   1.46183948e-13,
                     4.89990849e-13,  -1.31619049e-13],
                  [ -3.58960638e-01,   5.70128311e-01,  -2.91819792e-02,
                     1.74918637e-02,  -9.57110362e-06],
                  [ -3.58960638e-01,   5.70128311e-01,  -2.91819792e-02,
                     1.74918637e-02,  -9.57110362e-06],
                  [ -3.58960638e-01,   5.70128311e-01,  -2.91819792e-02,
                     1.74918637e-02,  -9.57110362e-06],
                  [ -3.58960638e-01,   5.70128311e-01,  -2.91819792e-02,
                     1.74918637e-02,  -9.57110362e-06],
                  [ -3.58960638e-01,   5.70128311e-01,  -2.91819792e-02,
                     1.74918637e-02,  -9.57110362e-06],
                  [ -3.58960638e-01,   5.70128311e-01,  -2.91819792e-02,
                     1.74918637e-02,  -9.57110362e-06],
                  [ -3.58960638e-01,   5.70128311e-01,  -2.91819792e-02,
                     1.74918637e-02,  -9.57110362e-06],
                  [ -3.58960638e-01,   5.70128311e-01,  -2.91819792e-02,
                     1.74918637e-02,  -9.57110362e-06],
                  [  4.41808608e-07,   1.77716768e-07,   6.84184338e-07,
                     2.14827351e-06,  -2.57781007e-08],
                  [  4.41808608e-07,   1.77716768e-07,   6.84184338e-07,
                     2.14827351e-06,  -2.57781007e-08],
                  [  4.41808608e-07,   1.77716768e-07,   6.84184338e-07,
                     2.14827351e-06,  -2.57781007e-08],
                  [  4.41808608e-07,   1.77716768e-07,   6.84184338e-07,
                     2.14827351e-06,  -2.57781007e-08],
                  [ -5.15605218e-22,  -5.25847071e-22,  -7.93723114e-22,
                    -1.59687211e-21,   4.83043708e-22],
                  [ -6.30604905e-12,  -4.80227585e-12,  -7.25521119e-12,
                    -1.79039246e-11,   5.14213735e-12],
                  [ -6.30604905e-12,  -4.80227585e-12,  -7.25521119e-12,
                    -1.79039246e-11,   5.14213735e-12],
                  [  5.53942530e-03,  -1.81732887e-03,   2.76898422e-03,
                     2.35794065e-02,   5.91510280e-05],
                  [  5.53942530e-03,  -1.81732887e-03,   2.76898422e-03,
                     2.35794065e-02,   5.91510280e-05],
                  [  5.53942530e-03,  -1.81732887e-03,   2.76898422e-03,
                     2.35794065e-02,   5.91510280e-05],
                  [  5.53942530e-03,  -1.81732887e-03,   2.76898422e-03,
                     2.35794065e-02,   5.91510280e-05],
                  [  5.53942530e-03,  -1.81732887e-03,   2.76898422e-03,
                     2.35794065e-02,   5.91510280e-05],
                  [  4.65177634e-24,  -2.42671582e-25,   4.88812751e-24,
                     2.26931607e-23,  -2.47073910e-26],
                  [  8.70239602e-09,   2.78247521e-08,   5.40555564e-08,
                     7.68614089e-08,  -2.43760629e-09],
                  [  8.70239602e-09,   2.78247521e-08,   5.40555564e-08,
                     7.68614089e-08,  -2.43760629e-09],
                  [  1.40807725e-08,   4.50213947e-08,   8.74637276e-08,
                     1.24364372e-07,  -3.94412983e-09],
                  [ -5.67562766e-10,   3.14368369e-10,   3.08684532e-11,
                    -1.97749191e-09,  -9.64214526e-12],
                  [ -5.67562766e-10,   3.14368369e-10,   3.08684532e-11,
                    -1.97749191e-09,  -9.64214526e-12],
                  [ -5.67562766e-10,   3.14368369e-10,   3.08684532e-11,
                    -1.97749191e-09,  -9.64214526e-12],
                  [ -2.96612742e-07,   4.80092581e-05,   3.10226285e-04,
                     6.27756942e-04,   9.99480977e-01],
                  [ -2.96612742e-07,   4.80092581e-05,   3.10226285e-04,
                     6.27756942e-04,   9.99480977e-01],
                  [ -2.96612742e-07,   4.80092581e-05,   3.10226285e-04,
                     6.27756942e-04,   9.99480977e-01],
                  [ -2.96612742e-07,   4.80092581e-05,   3.10226285e-04,
                     6.27756942e-04,   9.99480977e-01],
                  [ -2.96612742e-07,   4.80092581e-05,   3.10226285e-04,
                     6.27756942e-04,   9.99480977e-01],
                  [ -2.96612742e-07,   4.80092581e-05,   3.10226285e-04,
                     6.27756942e-04,   9.99480977e-01],
                  [ -4.82695458e-12,  -4.66482255e-12,  -7.07929547e-12,
                    -1.47862988e-11,   4.38891898e-12],
                  [ -4.82695458e-12,  -4.66482255e-12,  -7.07929547e-12,
                    -1.47862988e-11,   4.38891898e-12],
                  [ -2.97506183e-21,  -3.39621589e-21,  -5.16597762e-21,
                    -9.68020233e-21,   2.94412035e-21],
                  [ -8.35772506e-24,   2.51711777e-24,  -4.68195171e-24,
                    -3.62186669e-23,  -7.96833836e-26],
                  [ -3.99838716e-24,   1.10167264e-24,  -2.60890020e-24,
                    -1.79753950e-23,  -4.28885187e-26],
                  [ -2.10959560e-12,  -1.79551206e-12,  -2.71843631e-12,
                    -6.19554499e-12,   1.80685496e-12],
                  [ -2.10959560e-12,  -1.79551206e-12,  -2.71843631e-12,
                    -6.19554499e-12,   1.80685496e-12],
                  [  5.37837652e-09,   1.71966425e-08,   3.34081712e-08,
                     4.75029631e-08,  -1.50652354e-09],
                  [  2.14149379e-15,   1.48948415e-16,   3.11459188e-15,
                     1.19094769e-14,  -3.99838041e-18],
                  [  2.14149379e-15,   1.48948415e-16,   3.11459188e-15,
                     1.19094769e-14,  -3.99838041e-18],
                  [ -7.12116048e-21,  -5.60377778e-21,  -8.47357842e-21,
                    -2.04201383e-20,   5.88904890e-21],
                  [  5.95875201e-21,   4.48606753e-21,   6.78340734e-21,
                     1.68805970e-20,  -4.83281344e-21],
                  [  2.81260372e-23,  -1.51696254e-21,  -2.33754724e-21,
                    -1.59367770e-21,   6.82737291e-22],
                  [ -1.02343506e-23,   3.48746504e-24,  -5.76510293e-24,
                    -4.55792084e-23,  -1.76069912e-25],
                  [  1.74428626e-21,   2.66400965e-21,   4.06673139e-21,
                     6.41109669e-21,  -2.03430254e-21]]), unfolded_dtensor([[  8.58599682e-01,   1.00000000e+00,   1.00000000e+00,
                     1.00000000e+00,   1.00000000e+00],
                  [ -2.13982311e-05,  -1.53147638e-05,   1.15569060e-05,
                     2.30236460e-05,   9.99855486e-01],
                  [  8.58599682e-01,   1.00000000e+00,   1.00000000e+00,
                     1.00000000e+00,   1.00000000e+00],
                  [  0.00000000e+00,   0.00000000e+00,   0.00000000e+00,
                     0.00000000e+00,   0.00000000e+00],
                  [  0.00000000e+00,   0.00000000e+00,   0.00000000e+00,
                     0.00000000e+00,   0.00000000e+00]])]
Latent semantic for movie sorted by LS1
                                        movie           ls1           ls2  \
18                                  Swordfish  7.986998e-01  3.789605e-01   
15                           Dawn of the Dead  7.971362e-01  3.823016e-01   
9                                     Ice Age  5.678924e-01  2.887202e-01   
19                                   Hannibal  4.088329e-01  3.916110e-02   
2           Final Fantasy: The Spirits Within  3.443550e-01  1.075197e-01   
7                          Enemy at the Gates  4.255321e-03 -3.325453e-03   
26                        Final Destination 2  7.963182e-08 -2.522868e-07   
78                          Against the Ropes  2.257577e-13  3.148298e-14   
81                              Texas Rangers  5.844819e-21  9.748365e-22   
25                          National Security  1.452231e-21  7.136870e-23   
20     Agent Cody Banks 2: Destination London  4.597310e-22  2.266793e-22   
38                                 Panic Room  1.687313e-24 -3.308853e-24   
61                            Freedom Writers  0.000000e+00  0.000000e+00   
60                                  Wild Hogs  0.000000e+00  0.000000e+00   
62  Harold & Kumar Escape from Guantanamo Bay  0.000000e+00  0.000000e+00   
64                             Chain of Fools  0.000000e+00  0.000000e+00   
63                               Nim's Island  0.000000e+00  0.000000e+00   
0                             Erin Brockovich  0.000000e+00  0.000000e+00   
59                                     Jumper  0.000000e+00  0.000000e+00   
57                                      Basic  0.000000e+00  0.000000e+00   
66                                Eight Below  0.000000e+00  0.000000e+00   
56                          Alone in the Dark  0.000000e+00  0.000000e+00   
55                                    Be Cool  0.000000e+00  0.000000e+00   
54                                 Epic Movie  0.000000e+00  0.000000e+00   
53                            Hannibal Rising  0.000000e+00  0.000000e+00   
52                                  Boogeyman  0.000000e+00  0.000000e+00   
50                     Assault on Precinct 13  0.000000e+00  0.000000e+00   
49                                   Waitress  0.000000e+00  0.000000e+00   
65                               Brigham City  0.000000e+00  0.000000e+00   
70                       Carman: The Champion  0.000000e+00  0.000000e+00   
..                                        ...           ...           ...   
21                         Digimon: The Movie  0.000000e+00  0.000000e+00   
22                                   Scream 3  0.000000e+00  0.000000e+00   
45                                     Robots  0.000000e+00  0.000000e+00   
29                     Madea's Family Reunion  0.000000e+00  0.000000e+00   
30                             Over the Hedge  0.000000e+00  0.000000e+00   
31                                Wonder Boys  0.000000e+00  0.000000e+00   
28                                Constantine  0.000000e+00  0.000000e+00   
33                        Big Momma's House 2  0.000000e+00  0.000000e+00   
40                                   Hot Fuzz  0.000000e+00  0.000000e+00   
35                                 United 300  0.000000e+00  0.000000e+00   
44                              Stolen Summer  0.000000e+00  0.000000e+00   
1                                       U-571  0.000000e+00  0.000000e+00   
42                    3000 Miles to Graceland  0.000000e+00  0.000000e+00   
41                                     Zodiac  0.000000e+00  0.000000e+00   
34                      When a Stranger Calls  0.000000e+00  0.000000e+00   
43                                 15 Minutes -2.537561e-24  2.635568e-24   
27                          What a Girl Wants -6.026044e-24  5.152008e-24   
36                                  Antitrust -6.975840e-24  6.808166e-24   
12                                     Torque -3.845608e-22 -8.257240e-23   
39                               Full Frontal -1.849861e-21 -4.383610e-22   
37                             Sweet November -6.768417e-21 -1.159848e-21   
23        Clubhouse Detectives in Big Trouble -1.447881e-17 -1.898926e-15   
24                                 Scooby-Doo -1.880182e-12 -3.380661e-13   
8                           Collateral Damage -3.784311e-12 -7.478630e-13   
51                                    Godsend -6.144142e-12 -1.035495e-12   
58           Sinbad: Legend of the Seven Seas -6.941065e-10  2.430212e-10   
13                            Starsky & Hutch -1.527634e-08 -5.219842e-09   
10                           Shanghai Knights -2.471763e-08 -8.445882e-09   
11                                  Daredevil -4.152276e-04 -2.552235e-04   
16   Harry Potter and the Prisoner of Azkaban -9.835853e-01  1.000000e+00   

             ls3           ls4           ls5  
18  5.034699e-02 -8.555436e-02  2.621966e-04  
15  1.133538e-01 -1.182787e-01  1.839242e-04  
9   2.853733e-02 -5.598773e-01  2.234166e-03  
19 -2.547149e+00  1.000000e+00  2.556606e-03  
2  -9.884479e-01  2.460586e-01 -6.809856e-03  
7  -8.345346e-02  4.131355e-02  9.746151e-05  
26 -4.356224e-06  2.473116e-06 -3.830522e-08  
78 -1.169978e-12  5.818054e-13 -1.316314e-13  
81 -2.681544e-20  1.486129e-20 -4.834480e-21  
25 -1.063715e-20  3.623274e-21  6.840610e-22  
20  1.380858e-21  1.229985e-21 -2.035960e-21  
38 -6.318371e-23  3.316415e-23 -3.078448e-26  
61  0.000000e+00  0.000000e+00  0.000000e+00  
60  0.000000e+00  0.000000e+00  0.000000e+00  
62  0.000000e+00  0.000000e+00  0.000000e+00  
64  0.000000e+00  0.000000e+00  0.000000e+00  
63  0.000000e+00  0.000000e+00  0.000000e+00  
0   0.000000e+00  0.000000e+00  0.000000e+00  
59  0.000000e+00  0.000000e+00  0.000000e+00  
57  0.000000e+00  0.000000e+00  0.000000e+00  
66  0.000000e+00  0.000000e+00  0.000000e+00  
56  0.000000e+00  0.000000e+00  0.000000e+00  
55  0.000000e+00  0.000000e+00  0.000000e+00  
54  0.000000e+00  0.000000e+00  0.000000e+00  
53  0.000000e+00  0.000000e+00  0.000000e+00  
52  0.000000e+00  0.000000e+00  0.000000e+00  
50  0.000000e+00  0.000000e+00  0.000000e+00  
49  0.000000e+00  0.000000e+00  0.000000e+00  
65  0.000000e+00  0.000000e+00  0.000000e+00  
70  0.000000e+00  0.000000e+00  0.000000e+00  
..           ...           ...           ...  
21  0.000000e+00  0.000000e+00  0.000000e+00  
22  0.000000e+00  0.000000e+00  0.000000e+00  
45  0.000000e+00  0.000000e+00  0.000000e+00  
29  0.000000e+00  0.000000e+00  0.000000e+00  
30  0.000000e+00  0.000000e+00  0.000000e+00  
31  0.000000e+00  0.000000e+00  0.000000e+00  
28  0.000000e+00  0.000000e+00  0.000000e+00  
33  0.000000e+00  0.000000e+00  0.000000e+00  
40  0.000000e+00  0.000000e+00  0.000000e+00  
35  0.000000e+00  0.000000e+00  0.000000e+00  
44  0.000000e+00  0.000000e+00  0.000000e+00  
1   0.000000e+00  0.000000e+00  0.000000e+00  
42  0.000000e+00  0.000000e+00  0.000000e+00  
41  0.000000e+00  0.000000e+00  0.000000e+00  
34  0.000000e+00  0.000000e+00  0.000000e+00  
43  5.969545e-23 -3.002678e-23 -7.053572e-26  
27  1.248576e-22 -6.218932e-23 -1.325375e-25  
36  1.577278e-22 -7.868215e-23 -2.806952e-25  
12  1.362725e-21 -9.549463e-22  4.833092e-22  
39  5.478652e-21 -4.742810e-21  2.945954e-21  
37  3.036726e-20 -1.718340e-20  5.891253e-21  
23 -2.877182e-14  1.579284e-14 -3.191620e-18  
24  8.069275e-12 -4.776551e-12  1.807625e-12  
8   1.466639e-11 -9.648263e-12  4.391163e-12  
51  2.797933e-11 -1.558181e-11  5.143951e-12  
58  9.052595e-09 -4.242309e-09 -1.544131e-11  
13  4.312770e-08  2.873607e-10 -2.269644e-09  
10  6.978208e-08  4.649593e-10 -3.672361e-09  
11 -1.208181e-03  7.386386e-04  1.000000e+00  
16 -1.041568e+00  2.771338e-01  9.782580e-06  

[86 rows x 6 columns]
Latent semantic for movie sorted by LS2
                                        movie           ls1           ls2  \
16   Harry Potter and the Prisoner of Azkaban -9.835853e-01  1.000000e+00   
15                           Dawn of the Dead  7.971362e-01  3.823016e-01   
18                                  Swordfish  7.986998e-01  3.789605e-01   
9                                     Ice Age  5.678924e-01  2.887202e-01   
2           Final Fantasy: The Spirits Within  3.443550e-01  1.075197e-01   
19                                   Hannibal  4.088329e-01  3.916110e-02   
58           Sinbad: Legend of the Seven Seas -6.941065e-10  2.430212e-10   
78                          Against the Ropes  2.257577e-13  3.148298e-14   
81                              Texas Rangers  5.844819e-21  9.748365e-22   
20     Agent Cody Banks 2: Destination London  4.597310e-22  2.266793e-22   
25                          National Security  1.452231e-21  7.136870e-23   
36                                  Antitrust -6.975840e-24  6.808166e-24   
27                          What a Girl Wants -6.026044e-24  5.152008e-24   
43                                 15 Minutes -2.537561e-24  2.635568e-24   
64                             Chain of Fools  0.000000e+00  0.000000e+00   
63                               Nim's Island  0.000000e+00  0.000000e+00   
62  Harold & Kumar Escape from Guantanamo Bay  0.000000e+00  0.000000e+00   
61                            Freedom Writers  0.000000e+00  0.000000e+00   
60                                  Wild Hogs  0.000000e+00  0.000000e+00   
59                                     Jumper  0.000000e+00  0.000000e+00   
66                                Eight Below  0.000000e+00  0.000000e+00   
57                                      Basic  0.000000e+00  0.000000e+00   
56                          Alone in the Dark  0.000000e+00  0.000000e+00   
55                                    Be Cool  0.000000e+00  0.000000e+00   
54                                 Epic Movie  0.000000e+00  0.000000e+00   
53                            Hannibal Rising  0.000000e+00  0.000000e+00   
52                                  Boogeyman  0.000000e+00  0.000000e+00   
50                     Assault on Precinct 13  0.000000e+00  0.000000e+00   
65                               Brigham City  0.000000e+00  0.000000e+00   
70                       Carman: The Champion  0.000000e+00  0.000000e+00   
..                                        ...           ...           ...   
21                         Digimon: The Movie  0.000000e+00  0.000000e+00   
22                                   Scream 3  0.000000e+00  0.000000e+00   
46                                Ultraviolet  0.000000e+00  0.000000e+00   
29                     Madea's Family Reunion  0.000000e+00  0.000000e+00   
30                             Over the Hedge  0.000000e+00  0.000000e+00   
31                                Wonder Boys  0.000000e+00  0.000000e+00   
28                                Constantine  0.000000e+00  0.000000e+00   
33                        Big Momma's House 2  0.000000e+00  0.000000e+00   
40                                   Hot Fuzz  0.000000e+00  0.000000e+00   
45                                     Robots  0.000000e+00  0.000000e+00   
44                              Stolen Summer  0.000000e+00  0.000000e+00   
1                                       U-571  0.000000e+00  0.000000e+00   
34                      When a Stranger Calls  0.000000e+00  0.000000e+00   
41                                     Zodiac  0.000000e+00  0.000000e+00   
42                    3000 Miles to Graceland  0.000000e+00  0.000000e+00   
35                                 United 300  0.000000e+00  0.000000e+00   
85                             State Property  0.000000e+00  0.000000e+00   
38                                 Panic Room  1.687313e-24 -3.308853e-24   
12                                     Torque -3.845608e-22 -8.257240e-23   
39                               Full Frontal -1.849861e-21 -4.383610e-22   
37                             Sweet November -6.768417e-21 -1.159848e-21   
23        Clubhouse Detectives in Big Trouble -1.447881e-17 -1.898926e-15   
24                                 Scooby-Doo -1.880182e-12 -3.380661e-13   
8                           Collateral Damage -3.784311e-12 -7.478630e-13   
51                                    Godsend -6.144142e-12 -1.035495e-12   
13                            Starsky & Hutch -1.527634e-08 -5.219842e-09   
10                           Shanghai Knights -2.471763e-08 -8.445882e-09   
26                        Final Destination 2  7.963182e-08 -2.522868e-07   
11                                  Daredevil -4.152276e-04 -2.552235e-04   
7                          Enemy at the Gates  4.255321e-03 -3.325453e-03   

             ls3           ls4           ls5  
16 -1.041568e+00  2.771338e-01  9.782580e-06  
15  1.133538e-01 -1.182787e-01  1.839242e-04  
18  5.034699e-02 -8.555436e-02  2.621966e-04  
9   2.853733e-02 -5.598773e-01  2.234166e-03  
2  -9.884479e-01  2.460586e-01 -6.809856e-03  
19 -2.547149e+00  1.000000e+00  2.556606e-03  
58  9.052595e-09 -4.242309e-09 -1.544131e-11  
78 -1.169978e-12  5.818054e-13 -1.316314e-13  
81 -2.681544e-20  1.486129e-20 -4.834480e-21  
20  1.380858e-21  1.229985e-21 -2.035960e-21  
25 -1.063715e-20  3.623274e-21  6.840610e-22  
36  1.577278e-22 -7.868215e-23 -2.806952e-25  
27  1.248576e-22 -6.218932e-23 -1.325375e-25  
43  5.969545e-23 -3.002678e-23 -7.053572e-26  
64  0.000000e+00  0.000000e+00  0.000000e+00  
63  0.000000e+00  0.000000e+00  0.000000e+00  
62  0.000000e+00  0.000000e+00  0.000000e+00  
61  0.000000e+00  0.000000e+00  0.000000e+00  
60  0.000000e+00  0.000000e+00  0.000000e+00  
59  0.000000e+00  0.000000e+00  0.000000e+00  
66  0.000000e+00  0.000000e+00  0.000000e+00  
57  0.000000e+00  0.000000e+00  0.000000e+00  
56  0.000000e+00  0.000000e+00  0.000000e+00  
55  0.000000e+00  0.000000e+00  0.000000e+00  
54  0.000000e+00  0.000000e+00  0.000000e+00  
53  0.000000e+00  0.000000e+00  0.000000e+00  
52  0.000000e+00  0.000000e+00  0.000000e+00  
50  0.000000e+00  0.000000e+00  0.000000e+00  
65  0.000000e+00  0.000000e+00  0.000000e+00  
70  0.000000e+00  0.000000e+00  0.000000e+00  
..           ...           ...           ...  
21  0.000000e+00  0.000000e+00  0.000000e+00  
22  0.000000e+00  0.000000e+00  0.000000e+00  
46  0.000000e+00  0.000000e+00  0.000000e+00  
29  0.000000e+00  0.000000e+00  0.000000e+00  
30  0.000000e+00  0.000000e+00  0.000000e+00  
31  0.000000e+00  0.000000e+00  0.000000e+00  
28  0.000000e+00  0.000000e+00  0.000000e+00  
33  0.000000e+00  0.000000e+00  0.000000e+00  
40  0.000000e+00  0.000000e+00  0.000000e+00  
45  0.000000e+00  0.000000e+00  0.000000e+00  
44  0.000000e+00  0.000000e+00  0.000000e+00  
1   0.000000e+00  0.000000e+00  0.000000e+00  
34  0.000000e+00  0.000000e+00  0.000000e+00  
41  0.000000e+00  0.000000e+00  0.000000e+00  
42  0.000000e+00  0.000000e+00  0.000000e+00  
35  0.000000e+00  0.000000e+00  0.000000e+00  
85  0.000000e+00  0.000000e+00  0.000000e+00  
38 -6.318371e-23  3.316415e-23 -3.078448e-26  
12  1.362725e-21 -9.549463e-22  4.833092e-22  
39  5.478652e-21 -4.742810e-21  2.945954e-21  
37  3.036726e-20 -1.718340e-20  5.891253e-21  
23 -2.877182e-14  1.579284e-14 -3.191620e-18  
24  8.069275e-12 -4.776551e-12  1.807625e-12  
8   1.466639e-11 -9.648263e-12  4.391163e-12  
51  2.797933e-11 -1.558181e-11  5.143951e-12  
13  4.312770e-08  2.873607e-10 -2.269644e-09  
10  6.978208e-08  4.649593e-10 -3.672361e-09  
26 -4.356224e-06  2.473116e-06 -3.830522e-08  
11 -1.208181e-03  7.386386e-04  1.000000e+00  
7  -8.345346e-02  4.131355e-02  9.746151e-05  

[86 rows x 6 columns]
Latent semantic for movie sorted by LS3
                                       movie           ls1           ls2  \
15                          Dawn of the Dead  7.971362e-01  3.823016e-01   
18                                 Swordfish  7.986998e-01  3.789605e-01   
9                                    Ice Age  5.678924e-01  2.887202e-01   
10                          Shanghai Knights -2.471763e-08 -8.445882e-09   
13                           Starsky & Hutch -1.527634e-08 -5.219842e-09   
58          Sinbad: Legend of the Seven Seas -6.941065e-10  2.430212e-10   
51                                   Godsend -6.144142e-12 -1.035495e-12   
8                          Collateral Damage -3.784311e-12 -7.478630e-13   
24                                Scooby-Doo -1.880182e-12 -3.380661e-13   
37                            Sweet November -6.768417e-21 -1.159848e-21   
39                              Full Frontal -1.849861e-21 -4.383610e-22   
20    Agent Cody Banks 2: Destination London  4.597310e-22  2.266793e-22   
12                                    Torque -3.845608e-22 -8.257240e-23   
36                                 Antitrust -6.975840e-24  6.808166e-24   
27                         What a Girl Wants -6.026044e-24  5.152008e-24   
43                                15 Minutes -2.537561e-24  2.635568e-24   
74                                  Bandidas  0.000000e+00  0.000000e+00   
73                   All About the Benjamins  0.000000e+00  0.000000e+00   
84                    My Mom's New Boyfriend  0.000000e+00  0.000000e+00   
52                                 Boogeyman  0.000000e+00  0.000000e+00   
53                           Hannibal Rising  0.000000e+00  0.000000e+00   
54                                Epic Movie  0.000000e+00  0.000000e+00   
55                                   Be Cool  0.000000e+00  0.000000e+00   
56                         Alone in the Dark  0.000000e+00  0.000000e+00   
57                                     Basic  0.000000e+00  0.000000e+00   
83                                     Trois  0.000000e+00  0.000000e+00   
82                       Bigger Than the Sky  0.000000e+00  0.000000e+00   
80                            Catch That Kid  0.000000e+00  0.000000e+00   
79                            Stomp the Yard  0.000000e+00  0.000000e+00   
59                                    Jumper  0.000000e+00  0.000000e+00   
..                                       ...           ...           ...   
17         Charlie and the Chocolate Factory  0.000000e+00  0.000000e+00   
21                        Digimon: The Movie  0.000000e+00  0.000000e+00   
22                                  Scream 3  0.000000e+00  0.000000e+00   
47                               Cloverfield  0.000000e+00  0.000000e+00   
28                               Constantine  0.000000e+00  0.000000e+00   
29                    Madea's Family Reunion  0.000000e+00  0.000000e+00   
30                            Over the Hedge  0.000000e+00  0.000000e+00   
85                            State Property  0.000000e+00  0.000000e+00   
32                             Kangaroo Jack  0.000000e+00  0.000000e+00   
41                                    Zodiac  0.000000e+00  0.000000e+00   
46                               Ultraviolet  0.000000e+00  0.000000e+00   
45                                    Robots  0.000000e+00  0.000000e+00   
44                             Stolen Summer  0.000000e+00  0.000000e+00   
1                                      U-571  0.000000e+00  0.000000e+00   
33                       Big Momma's House 2  0.000000e+00  0.000000e+00   
42                   3000 Miles to Graceland  0.000000e+00  0.000000e+00   
40                                  Hot Fuzz  0.000000e+00  0.000000e+00   
35                                United 300  0.000000e+00  0.000000e+00   
34                     When a Stranger Calls  0.000000e+00  0.000000e+00   
38                                Panic Room  1.687313e-24 -3.308853e-24   
25                         National Security  1.452231e-21  7.136870e-23   
81                             Texas Rangers  5.844819e-21  9.748365e-22   
23       Clubhouse Detectives in Big Trouble -1.447881e-17 -1.898926e-15   
78                         Against the Ropes  2.257577e-13  3.148298e-14   
26                       Final Destination 2  7.963182e-08 -2.522868e-07   
11                                 Daredevil -4.152276e-04 -2.552235e-04   
7                         Enemy at the Gates  4.255321e-03 -3.325453e-03   
2          Final Fantasy: The Spirits Within  3.443550e-01  1.075197e-01   
16  Harry Potter and the Prisoner of Azkaban -9.835853e-01  1.000000e+00   
19                                  Hannibal  4.088329e-01  3.916110e-02   

             ls3           ls4           ls5  
15  1.133538e-01 -1.182787e-01  1.839242e-04  
18  5.034699e-02 -8.555436e-02  2.621966e-04  
9   2.853733e-02 -5.598773e-01  2.234166e-03  
10  6.978208e-08  4.649593e-10 -3.672361e-09  
13  4.312770e-08  2.873607e-10 -2.269644e-09  
58  9.052595e-09 -4.242309e-09 -1.544131e-11  
51  2.797933e-11 -1.558181e-11  5.143951e-12  
8   1.466639e-11 -9.648263e-12  4.391163e-12  
24  8.069275e-12 -4.776551e-12  1.807625e-12  
37  3.036726e-20 -1.718340e-20  5.891253e-21  
39  5.478652e-21 -4.742810e-21  2.945954e-21  
20  1.380858e-21  1.229985e-21 -2.035960e-21  
12  1.362725e-21 -9.549463e-22  4.833092e-22  
36  1.577278e-22 -7.868215e-23 -2.806952e-25  
27  1.248576e-22 -6.218932e-23 -1.325375e-25  
43  5.969545e-23 -3.002678e-23 -7.053572e-26  
74  0.000000e+00  0.000000e+00  0.000000e+00  
73  0.000000e+00  0.000000e+00  0.000000e+00  
84  0.000000e+00  0.000000e+00  0.000000e+00  
52  0.000000e+00  0.000000e+00  0.000000e+00  
53  0.000000e+00  0.000000e+00  0.000000e+00  
54  0.000000e+00  0.000000e+00  0.000000e+00  
55  0.000000e+00  0.000000e+00  0.000000e+00  
56  0.000000e+00  0.000000e+00  0.000000e+00  
57  0.000000e+00  0.000000e+00  0.000000e+00  
83  0.000000e+00  0.000000e+00  0.000000e+00  
82  0.000000e+00  0.000000e+00  0.000000e+00  
80  0.000000e+00  0.000000e+00  0.000000e+00  
79  0.000000e+00  0.000000e+00  0.000000e+00  
59  0.000000e+00  0.000000e+00  0.000000e+00  
..           ...           ...           ...  
17  0.000000e+00  0.000000e+00  0.000000e+00  
21  0.000000e+00  0.000000e+00  0.000000e+00  
22  0.000000e+00  0.000000e+00  0.000000e+00  
47  0.000000e+00  0.000000e+00  0.000000e+00  
28  0.000000e+00  0.000000e+00  0.000000e+00  
29  0.000000e+00  0.000000e+00  0.000000e+00  
30  0.000000e+00  0.000000e+00  0.000000e+00  
85  0.000000e+00  0.000000e+00  0.000000e+00  
32  0.000000e+00  0.000000e+00  0.000000e+00  
41  0.000000e+00  0.000000e+00  0.000000e+00  
46  0.000000e+00  0.000000e+00  0.000000e+00  
45  0.000000e+00  0.000000e+00  0.000000e+00  
44  0.000000e+00  0.000000e+00  0.000000e+00  
1   0.000000e+00  0.000000e+00  0.000000e+00  
33  0.000000e+00  0.000000e+00  0.000000e+00  
42  0.000000e+00  0.000000e+00  0.000000e+00  
40  0.000000e+00  0.000000e+00  0.000000e+00  
35  0.000000e+00  0.000000e+00  0.000000e+00  
34  0.000000e+00  0.000000e+00  0.000000e+00  
38 -6.318371e-23  3.316415e-23 -3.078448e-26  
25 -1.063715e-20  3.623274e-21  6.840610e-22  
81 -2.681544e-20  1.486129e-20 -4.834480e-21  
23 -2.877182e-14  1.579284e-14 -3.191620e-18  
78 -1.169978e-12  5.818054e-13 -1.316314e-13  
26 -4.356224e-06  2.473116e-06 -3.830522e-08  
11 -1.208181e-03  7.386386e-04  1.000000e+00  
7  -8.345346e-02  4.131355e-02  9.746151e-05  
2  -9.884479e-01  2.460586e-01 -6.809856e-03  
16 -1.041568e+00  2.771338e-01  9.782580e-06  
19 -2.547149e+00  1.000000e+00  2.556606e-03  

[86 rows x 6 columns]
Latent semantic for movie sorted by LS4
                                        movie           ls1           ls2  \
19                                   Hannibal  4.088329e-01  3.916110e-02   
16   Harry Potter and the Prisoner of Azkaban -9.835853e-01  1.000000e+00   
2           Final Fantasy: The Spirits Within  3.443550e-01  1.075197e-01   
7                          Enemy at the Gates  4.255321e-03 -3.325453e-03   
11                                  Daredevil -4.152276e-04 -2.552235e-04   
26                        Final Destination 2  7.963182e-08 -2.522868e-07   
10                           Shanghai Knights -2.471763e-08 -8.445882e-09   
13                            Starsky & Hutch -1.527634e-08 -5.219842e-09   
78                          Against the Ropes  2.257577e-13  3.148298e-14   
23        Clubhouse Detectives in Big Trouble -1.447881e-17 -1.898926e-15   
81                              Texas Rangers  5.844819e-21  9.748365e-22   
25                          National Security  1.452231e-21  7.136870e-23   
20     Agent Cody Banks 2: Destination London  4.597310e-22  2.266793e-22   
38                                 Panic Room  1.687313e-24 -3.308853e-24   
62  Harold & Kumar Escape from Guantanamo Bay  0.000000e+00  0.000000e+00   
63                               Nim's Island  0.000000e+00  0.000000e+00   
61                            Freedom Writers  0.000000e+00  0.000000e+00   
64                             Chain of Fools  0.000000e+00  0.000000e+00   
60                                  Wild Hogs  0.000000e+00  0.000000e+00   
0                             Erin Brockovich  0.000000e+00  0.000000e+00   
57                                      Basic  0.000000e+00  0.000000e+00   
59                                     Jumper  0.000000e+00  0.000000e+00   
66                                Eight Below  0.000000e+00  0.000000e+00   
56                          Alone in the Dark  0.000000e+00  0.000000e+00   
55                                    Be Cool  0.000000e+00  0.000000e+00   
54                                 Epic Movie  0.000000e+00  0.000000e+00   
53                            Hannibal Rising  0.000000e+00  0.000000e+00   
52                                  Boogeyman  0.000000e+00  0.000000e+00   
50                     Assault on Precinct 13  0.000000e+00  0.000000e+00   
65                               Brigham City  0.000000e+00  0.000000e+00   
..                                        ...           ...           ...   
17          Charlie and the Chocolate Factory  0.000000e+00  0.000000e+00   
21                         Digimon: The Movie  0.000000e+00  0.000000e+00   
22                                   Scream 3  0.000000e+00  0.000000e+00   
28                                Constantine  0.000000e+00  0.000000e+00   
29                     Madea's Family Reunion  0.000000e+00  0.000000e+00   
46                                Ultraviolet  0.000000e+00  0.000000e+00   
31                                Wonder Boys  0.000000e+00  0.000000e+00   
32                              Kangaroo Jack  0.000000e+00  0.000000e+00   
30                             Over the Hedge  0.000000e+00  0.000000e+00   
34                      When a Stranger Calls  0.000000e+00  0.000000e+00   
40                                   Hot Fuzz  0.000000e+00  0.000000e+00   
45                                     Robots  0.000000e+00  0.000000e+00   
44                              Stolen Summer  0.000000e+00  0.000000e+00   
1                                       U-571  0.000000e+00  0.000000e+00   
42                    3000 Miles to Graceland  0.000000e+00  0.000000e+00   
35                                 United 300  0.000000e+00  0.000000e+00   
41                                     Zodiac  0.000000e+00  0.000000e+00   
43                                 15 Minutes -2.537561e-24  2.635568e-24   
27                          What a Girl Wants -6.026044e-24  5.152008e-24   
36                                  Antitrust -6.975840e-24  6.808166e-24   
12                                     Torque -3.845608e-22 -8.257240e-23   
39                               Full Frontal -1.849861e-21 -4.383610e-22   
37                             Sweet November -6.768417e-21 -1.159848e-21   
24                                 Scooby-Doo -1.880182e-12 -3.380661e-13   
8                           Collateral Damage -3.784311e-12 -7.478630e-13   
51                                    Godsend -6.144142e-12 -1.035495e-12   
58           Sinbad: Legend of the Seven Seas -6.941065e-10  2.430212e-10   
18                                  Swordfish  7.986998e-01  3.789605e-01   
15                           Dawn of the Dead  7.971362e-01  3.823016e-01   
9                                     Ice Age  5.678924e-01  2.887202e-01   

             ls3           ls4           ls5  
19 -2.547149e+00  1.000000e+00  2.556606e-03  
16 -1.041568e+00  2.771338e-01  9.782580e-06  
2  -9.884479e-01  2.460586e-01 -6.809856e-03  
7  -8.345346e-02  4.131355e-02  9.746151e-05  
11 -1.208181e-03  7.386386e-04  1.000000e+00  
26 -4.356224e-06  2.473116e-06 -3.830522e-08  
10  6.978208e-08  4.649593e-10 -3.672361e-09  
13  4.312770e-08  2.873607e-10 -2.269644e-09  
78 -1.169978e-12  5.818054e-13 -1.316314e-13  
23 -2.877182e-14  1.579284e-14 -3.191620e-18  
81 -2.681544e-20  1.486129e-20 -4.834480e-21  
25 -1.063715e-20  3.623274e-21  6.840610e-22  
20  1.380858e-21  1.229985e-21 -2.035960e-21  
38 -6.318371e-23  3.316415e-23 -3.078448e-26  
62  0.000000e+00  0.000000e+00  0.000000e+00  
63  0.000000e+00  0.000000e+00  0.000000e+00  
61  0.000000e+00  0.000000e+00  0.000000e+00  
64  0.000000e+00  0.000000e+00  0.000000e+00  
60  0.000000e+00  0.000000e+00  0.000000e+00  
0   0.000000e+00  0.000000e+00  0.000000e+00  
57  0.000000e+00  0.000000e+00  0.000000e+00  
59  0.000000e+00  0.000000e+00  0.000000e+00  
66  0.000000e+00  0.000000e+00  0.000000e+00  
56  0.000000e+00  0.000000e+00  0.000000e+00  
55  0.000000e+00  0.000000e+00  0.000000e+00  
54  0.000000e+00  0.000000e+00  0.000000e+00  
53  0.000000e+00  0.000000e+00  0.000000e+00  
52  0.000000e+00  0.000000e+00  0.000000e+00  
50  0.000000e+00  0.000000e+00  0.000000e+00  
65  0.000000e+00  0.000000e+00  0.000000e+00  
..           ...           ...           ...  
17  0.000000e+00  0.000000e+00  0.000000e+00  
21  0.000000e+00  0.000000e+00  0.000000e+00  
22  0.000000e+00  0.000000e+00  0.000000e+00  
28  0.000000e+00  0.000000e+00  0.000000e+00  
29  0.000000e+00  0.000000e+00  0.000000e+00  
46  0.000000e+00  0.000000e+00  0.000000e+00  
31  0.000000e+00  0.000000e+00  0.000000e+00  
32  0.000000e+00  0.000000e+00  0.000000e+00  
30  0.000000e+00  0.000000e+00  0.000000e+00  
34  0.000000e+00  0.000000e+00  0.000000e+00  
40  0.000000e+00  0.000000e+00  0.000000e+00  
45  0.000000e+00  0.000000e+00  0.000000e+00  
44  0.000000e+00  0.000000e+00  0.000000e+00  
1   0.000000e+00  0.000000e+00  0.000000e+00  
42  0.000000e+00  0.000000e+00  0.000000e+00  
35  0.000000e+00  0.000000e+00  0.000000e+00  
41  0.000000e+00  0.000000e+00  0.000000e+00  
43  5.969545e-23 -3.002678e-23 -7.053572e-26  
27  1.248576e-22 -6.218932e-23 -1.325375e-25  
36  1.577278e-22 -7.868215e-23 -2.806952e-25  
12  1.362725e-21 -9.549463e-22  4.833092e-22  
39  5.478652e-21 -4.742810e-21  2.945954e-21  
37  3.036726e-20 -1.718340e-20  5.891253e-21  
24  8.069275e-12 -4.776551e-12  1.807625e-12  
8   1.466639e-11 -9.648263e-12  4.391163e-12  
51  2.797933e-11 -1.558181e-11  5.143951e-12  
58  9.052595e-09 -4.242309e-09 -1.544131e-11  
18  5.034699e-02 -8.555436e-02  2.621966e-04  
15  1.133538e-01 -1.182787e-01  1.839242e-04  
9   2.853733e-02 -5.598773e-01  2.234166e-03  

[86 rows x 6 columns]
Latent semantic for movie sorted by LS5
                                        movie           ls1           ls2  \
11                                  Daredevil -4.152276e-04 -2.552235e-04   
19                                   Hannibal  4.088329e-01  3.916110e-02   
9                                     Ice Age  5.678924e-01  2.887202e-01   
18                                  Swordfish  7.986998e-01  3.789605e-01   
15                           Dawn of the Dead  7.971362e-01  3.823016e-01   
7                          Enemy at the Gates  4.255321e-03 -3.325453e-03   
16   Harry Potter and the Prisoner of Azkaban -9.835853e-01  1.000000e+00   
51                                    Godsend -6.144142e-12 -1.035495e-12   
8                           Collateral Damage -3.784311e-12 -7.478630e-13   
24                                 Scooby-Doo -1.880182e-12 -3.380661e-13   
37                             Sweet November -6.768417e-21 -1.159848e-21   
39                               Full Frontal -1.849861e-21 -4.383610e-22   
25                          National Security  1.452231e-21  7.136870e-23   
12                                     Torque -3.845608e-22 -8.257240e-23   
59                                     Jumper  0.000000e+00  0.000000e+00   
64                             Chain of Fools  0.000000e+00  0.000000e+00   
63                               Nim's Island  0.000000e+00  0.000000e+00   
62  Harold & Kumar Escape from Guantanamo Bay  0.000000e+00  0.000000e+00   
61                            Freedom Writers  0.000000e+00  0.000000e+00   
60                                  Wild Hogs  0.000000e+00  0.000000e+00   
50                     Assault on Precinct 13  0.000000e+00  0.000000e+00   
56                          Alone in the Dark  0.000000e+00  0.000000e+00   
52                                  Boogeyman  0.000000e+00  0.000000e+00   
53                            Hannibal Rising  0.000000e+00  0.000000e+00   
57                                      Basic  0.000000e+00  0.000000e+00   
54                                 Epic Movie  0.000000e+00  0.000000e+00   
55                                    Be Cool  0.000000e+00  0.000000e+00   
66                                Eight Below  0.000000e+00  0.000000e+00   
65                               Brigham City  0.000000e+00  0.000000e+00   
0                             Erin Brockovich  0.000000e+00  0.000000e+00   
..                                        ...           ...           ...   
17          Charlie and the Chocolate Factory  0.000000e+00  0.000000e+00   
21                         Digimon: The Movie  0.000000e+00  0.000000e+00   
22                                   Scream 3  0.000000e+00  0.000000e+00   
46                                Ultraviolet  0.000000e+00  0.000000e+00   
29                     Madea's Family Reunion  0.000000e+00  0.000000e+00   
30                             Over the Hedge  0.000000e+00  0.000000e+00   
31                                Wonder Boys  0.000000e+00  0.000000e+00   
28                                Constantine  0.000000e+00  0.000000e+00   
33                        Big Momma's House 2  0.000000e+00  0.000000e+00   
40                                   Hot Fuzz  0.000000e+00  0.000000e+00   
45                                     Robots  0.000000e+00  0.000000e+00   
44                              Stolen Summer  0.000000e+00  0.000000e+00   
1                                       U-571  0.000000e+00  0.000000e+00   
42                    3000 Miles to Graceland  0.000000e+00  0.000000e+00   
34                      When a Stranger Calls  0.000000e+00  0.000000e+00   
41                                     Zodiac  0.000000e+00  0.000000e+00   
35                                 United 300  0.000000e+00  0.000000e+00   
38                                 Panic Room  1.687313e-24 -3.308853e-24   
43                                 15 Minutes -2.537561e-24  2.635568e-24   
27                          What a Girl Wants -6.026044e-24  5.152008e-24   
36                                  Antitrust -6.975840e-24  6.808166e-24   
20     Agent Cody Banks 2: Destination London  4.597310e-22  2.266793e-22   
81                              Texas Rangers  5.844819e-21  9.748365e-22   
23        Clubhouse Detectives in Big Trouble -1.447881e-17 -1.898926e-15   
78                          Against the Ropes  2.257577e-13  3.148298e-14   
58           Sinbad: Legend of the Seven Seas -6.941065e-10  2.430212e-10   
13                            Starsky & Hutch -1.527634e-08 -5.219842e-09   
10                           Shanghai Knights -2.471763e-08 -8.445882e-09   
26                        Final Destination 2  7.963182e-08 -2.522868e-07   
2           Final Fantasy: The Spirits Within  3.443550e-01  1.075197e-01   

             ls3           ls4           ls5  
11 -1.208181e-03  7.386386e-04  1.000000e+00  
19 -2.547149e+00  1.000000e+00  2.556606e-03  
9   2.853733e-02 -5.598773e-01  2.234166e-03  
18  5.034699e-02 -8.555436e-02  2.621966e-04  
15  1.133538e-01 -1.182787e-01  1.839242e-04  
7  -8.345346e-02  4.131355e-02  9.746151e-05  
16 -1.041568e+00  2.771338e-01  9.782580e-06  
51  2.797933e-11 -1.558181e-11  5.143951e-12  
8   1.466639e-11 -9.648263e-12  4.391163e-12  
24  8.069275e-12 -4.776551e-12  1.807625e-12  
37  3.036726e-20 -1.718340e-20  5.891253e-21  
39  5.478652e-21 -4.742810e-21  2.945954e-21  
25 -1.063715e-20  3.623274e-21  6.840610e-22  
12  1.362725e-21 -9.549463e-22  4.833092e-22  
59  0.000000e+00  0.000000e+00  0.000000e+00  
64  0.000000e+00  0.000000e+00  0.000000e+00  
63  0.000000e+00  0.000000e+00  0.000000e+00  
62  0.000000e+00  0.000000e+00  0.000000e+00  
61  0.000000e+00  0.000000e+00  0.000000e+00  
60  0.000000e+00  0.000000e+00  0.000000e+00  
50  0.000000e+00  0.000000e+00  0.000000e+00  
56  0.000000e+00  0.000000e+00  0.000000e+00  
52  0.000000e+00  0.000000e+00  0.000000e+00  
53  0.000000e+00  0.000000e+00  0.000000e+00  
57  0.000000e+00  0.000000e+00  0.000000e+00  
54  0.000000e+00  0.000000e+00  0.000000e+00  
55  0.000000e+00  0.000000e+00  0.000000e+00  
66  0.000000e+00  0.000000e+00  0.000000e+00  
65  0.000000e+00  0.000000e+00  0.000000e+00  
0   0.000000e+00  0.000000e+00  0.000000e+00  
..           ...           ...           ...  
17  0.000000e+00  0.000000e+00  0.000000e+00  
21  0.000000e+00  0.000000e+00  0.000000e+00  
22  0.000000e+00  0.000000e+00  0.000000e+00  
46  0.000000e+00  0.000000e+00  0.000000e+00  
29  0.000000e+00  0.000000e+00  0.000000e+00  
30  0.000000e+00  0.000000e+00  0.000000e+00  
31  0.000000e+00  0.000000e+00  0.000000e+00  
28  0.000000e+00  0.000000e+00  0.000000e+00  
33  0.000000e+00  0.000000e+00  0.000000e+00  
40  0.000000e+00  0.000000e+00  0.000000e+00  
45  0.000000e+00  0.000000e+00  0.000000e+00  
44  0.000000e+00  0.000000e+00  0.000000e+00  
1   0.000000e+00  0.000000e+00  0.000000e+00  
42  0.000000e+00  0.000000e+00  0.000000e+00  
34  0.000000e+00  0.000000e+00  0.000000e+00  
41  0.000000e+00  0.000000e+00  0.000000e+00  
35  0.000000e+00  0.000000e+00  0.000000e+00  
38 -6.318371e-23  3.316415e-23 -3.078448e-26  
43  5.969545e-23 -3.002678e-23 -7.053572e-26  
27  1.248576e-22 -6.218932e-23 -1.325375e-25  
36  1.577278e-22 -7.868215e-23 -2.806952e-25  
20  1.380858e-21  1.229985e-21 -2.035960e-21  
81 -2.681544e-20  1.486129e-20 -4.834480e-21  
23 -2.877182e-14  1.579284e-14 -3.191620e-18  
78 -1.169978e-12  5.818054e-13 -1.316314e-13  
58  9.052595e-09 -4.242309e-09 -1.544131e-11  
13  4.312770e-08  2.873607e-10 -2.269644e-09  
10  6.978208e-08  4.649593e-10 -3.672361e-09  
26 -4.356224e-06  2.473116e-06 -3.830522e-08  
2  -9.884479e-01  2.460586e-01 -6.809856e-03  

[86 rows x 6 columns]
Latent semantic for tag sorted by LS1
                           tag           ls1           ls2           ls3  \
4                       action  9.477088e-01  1.000000e+00  7.353287e-01   
15                     hacking  4.760000e-01  4.996082e-01  3.695667e-01   
12                     hackers  4.760000e-01  4.996082e-01  3.695667e-01   
16                over the top  4.760000e-01  4.996082e-01  3.695667e-01   
14                        cool  4.760000e-01  4.996082e-01  3.695667e-01   
13  nudity (topless - notable)  4.760000e-01  4.996082e-01  3.695667e-01   
1            directorial debut  4.717091e-01  5.003438e-01  3.654518e-01   
0                      zombies  4.717091e-01  5.003438e-01  3.654518e-01   
5                       remake  4.717091e-01  5.003438e-01  3.654518e-01   
3     nudity (topless - brief)  4.717091e-01  5.003438e-01  3.654518e-01   
2                       zombie  4.717091e-01  5.003438e-01  3.654518e-01   
8                       boring  1.494262e-01 -1.649712e-01 -2.611301e-01   
10                 cannibalism  1.494262e-01 -1.649712e-01 -2.611301e-01   
11             hannibal lecter  1.494262e-01 -1.649712e-01 -2.611301e-01   
7                   psychology  1.494262e-01 -1.649712e-01 -2.611301e-01   
6                serial killer  1.494262e-01 -1.649712e-01 -2.611301e-01   
9                  atmospheric  1.494262e-01 -1.649712e-01 -2.611301e-01   
20                        fish  6.955777e-02 -9.955247e-02 -2.686716e-01   
22                         cgi  6.955777e-02 -9.955247e-02 -2.686716e-01   
21                      sci-fi  6.955777e-02 -9.955247e-02 -2.686716e-01   
19                       anime  6.955777e-02 -9.955247e-02 -2.686716e-01   
18          computer animation  6.955777e-02 -9.955247e-02 -2.686716e-01   
17       video game adaptation  6.955777e-02 -9.955247e-02 -2.686716e-01   
50               nudity (rear)  5.539425e-03 -1.817329e-03  2.768984e-03   
49              best war films  5.539425e-03 -1.817329e-03  2.768984e-03   
48                        wwii  5.539425e-03 -1.817329e-03  2.768984e-03   
47                         war  5.539425e-03 -1.817329e-03  2.768984e-03   
46                world war ii  5.539425e-03 -1.817329e-03  2.768984e-03   
42                     violent  4.418086e-07  1.777168e-07  6.841843e-07   
41                   hilarious  4.418086e-07  1.777168e-07  6.841843e-07   
..                         ...           ...           ...           ...   
74               san francisco -7.121160e-21 -5.603778e-21 -8.473578e-21   
70                       drugs -2.109596e-12 -1.795512e-12 -2.718436e-12   
69          based on a tv show -2.109596e-12 -1.795512e-12 -2.718436e-12   
65                       court -4.826955e-12 -4.664823e-12 -7.079295e-12   
64                   terrorism -4.826955e-12 -4.664823e-12 -7.079295e-12   
45                 predictable -6.306049e-12 -4.802276e-12 -7.255211e-12   
44                   pointless -6.306049e-12 -4.802276e-12 -7.255211e-12   
57                  dreamworks -5.675628e-10  3.143684e-10  3.086845e-11   
55                swashbuckler -5.675628e-10  3.143684e-10  3.086845e-11   
56                     pirates -5.675628e-10  3.143684e-10  3.086845e-11   
58                  comic book -2.966127e-07  4.800926e-05  3.102263e-04   
59       heroine in tight suit -2.966127e-07  4.800926e-05  3.102263e-04   
60                   superhero -2.966127e-07  4.800926e-05  3.102263e-04   
61                        dark -2.966127e-07  4.800926e-05  3.102263e-04   
62                      marvel -2.966127e-07  4.800926e-05  3.102263e-04   
63                  bad acting -2.966127e-07  4.800926e-05  3.102263e-04   
28                     cartoon -5.220220e-02 -2.383806e-01 -7.324016e-01   
27                    animated -5.220220e-02 -2.383806e-01 -7.324016e-01   
26                  redemption -5.220220e-02 -2.383806e-01 -7.324016e-01   
25                   animation -5.220220e-02 -2.383806e-01 -7.324016e-01   
24                      disney -5.220220e-02 -2.383806e-01 -7.324016e-01   
23             talking animals -5.220220e-02 -2.383806e-01 -7.324016e-01   
33                harry potter -3.589606e-01  5.701283e-01 -2.918198e-02   
31                   franchise -3.589606e-01  5.701283e-01 -2.918198e-02   
38                      sequel -3.589606e-01  5.701283e-01 -2.918198e-02   
37                       witch -3.589606e-01  5.701283e-01 -2.918198e-02   
36                     fantasy -3.589606e-01  5.701283e-01 -2.918198e-02   
35                 time travel -3.589606e-01  5.701283e-01 -2.918198e-02   
34                     wizards -3.589606e-01  5.701283e-01 -2.918198e-02   
32                       magic -3.589606e-01  5.701283e-01 -2.918198e-02   

             ls4           ls5  
4   1.000000e+00  1.000000e+00  
15  5.103741e-01  2.834517e-04  
12  5.103741e-01  2.834517e-04  
16  5.103741e-01  2.834517e-04  
14  5.103741e-01  2.834517e-04  
13  5.103741e-01  2.834517e-04  
1   4.889981e-01  2.355709e-04  
0   4.889981e-01  2.355709e-04  
5   4.889981e-01  2.355709e-04  
3   4.889981e-01  2.355709e-04  
2   4.889981e-01  2.355709e-04  
8   1.097782e-01  1.509988e-03  
10  1.097782e-01  1.509988e-03  
11  1.097782e-01  1.509988e-03  
7   1.097782e-01  1.509988e-03  
6   1.097782e-01  1.509988e-03  
9   1.097782e-01  1.509988e-03  
20 -2.586633e-01 -4.617107e-03  
22 -2.586633e-01 -4.617107e-03  
21 -2.586633e-01 -4.617107e-03  
19 -2.586633e-01 -4.617107e-03  
18 -2.586633e-01 -4.617107e-03  
17 -2.586633e-01 -4.617107e-03  
50  2.357941e-02  5.915103e-05  
49  2.357941e-02  5.915103e-05  
48  2.357941e-02  5.915103e-05  
47  2.357941e-02  5.915103e-05  
46  2.357941e-02  5.915103e-05  
42  2.148274e-06 -2.577810e-08  
41  2.148274e-06 -2.577810e-08  
..           ...           ...  
74 -2.042014e-20  5.889049e-21  
70 -6.195545e-12  1.806855e-12  
69 -6.195545e-12  1.806855e-12  
65 -1.478630e-11  4.388919e-12  
64 -1.478630e-11  4.388919e-12  
45 -1.790392e-11  5.142137e-12  
44 -1.790392e-11  5.142137e-12  
57 -1.977492e-09 -9.642145e-12  
55 -1.977492e-09 -9.642145e-12  
56 -1.977492e-09 -9.642145e-12  
58  6.277569e-04  9.994810e-01  
59  6.277569e-04  9.994810e-01  
60  6.277569e-04  9.994810e-01  
61  6.277569e-04  9.994810e-01  
62  6.277569e-04  9.994810e-01  
63  6.277569e-04  9.994810e-01  
28 -1.296263e+00  1.453517e-03  
27 -1.296263e+00  1.453517e-03  
26 -1.296263e+00  1.453517e-03  
25 -1.296263e+00  1.453517e-03  
24 -1.296263e+00  1.453517e-03  
23 -1.296263e+00  1.453517e-03  
33  1.749186e-02 -9.571104e-06  
31  1.749186e-02 -9.571104e-06  
38  1.749186e-02 -9.571104e-06  
37  1.749186e-02 -9.571104e-06  
36  1.749186e-02 -9.571104e-06  
35  1.749186e-02 -9.571104e-06  
34  1.749186e-02 -9.571104e-06  
32  1.749186e-02 -9.571104e-06  

[79 rows x 6 columns]
Latent semantic for tag sorted by LS2
                           tag           ls1           ls2           ls3  \
4                       action  9.477088e-01  1.000000e+00  7.353287e-01   
32                       magic -3.589606e-01  5.701283e-01 -2.918198e-02   
31                   franchise -3.589606e-01  5.701283e-01 -2.918198e-02   
33                harry potter -3.589606e-01  5.701283e-01 -2.918198e-02   
34                     wizards -3.589606e-01  5.701283e-01 -2.918198e-02   
35                 time travel -3.589606e-01  5.701283e-01 -2.918198e-02   
36                     fantasy -3.589606e-01  5.701283e-01 -2.918198e-02   
37                       witch -3.589606e-01  5.701283e-01 -2.918198e-02   
38                      sequel -3.589606e-01  5.701283e-01 -2.918198e-02   
1            directorial debut  4.717091e-01  5.003438e-01  3.654518e-01   
0                      zombies  4.717091e-01  5.003438e-01  3.654518e-01   
2                       zombie  4.717091e-01  5.003438e-01  3.654518e-01   
3     nudity (topless - brief)  4.717091e-01  5.003438e-01  3.654518e-01   
5                       remake  4.717091e-01  5.003438e-01  3.654518e-01   
14                        cool  4.760000e-01  4.996082e-01  3.695667e-01   
13  nudity (topless - notable)  4.760000e-01  4.996082e-01  3.695667e-01   
15                     hacking  4.760000e-01  4.996082e-01  3.695667e-01   
16                over the top  4.760000e-01  4.996082e-01  3.695667e-01   
12                     hackers  4.760000e-01  4.996082e-01  3.695667e-01   
62                      marvel -2.966127e-07  4.800926e-05  3.102263e-04   
63                  bad acting -2.966127e-07  4.800926e-05  3.102263e-04   
58                  comic book -2.966127e-07  4.800926e-05  3.102263e-04   
61                        dark -2.966127e-07  4.800926e-05  3.102263e-04   
60                   superhero -2.966127e-07  4.800926e-05  3.102263e-04   
59       heroine in tight suit -2.966127e-07  4.800926e-05  3.102263e-04   
41                   hilarious  4.418086e-07  1.777168e-07  6.841843e-07   
42                     violent  4.418086e-07  1.777168e-07  6.841843e-07   
40                   slapstick  4.418086e-07  1.777168e-07  6.841843e-07   
39                        gore  4.418086e-07  1.777168e-07  6.841843e-07   
54                   not funny  1.408077e-08  4.502139e-08  8.746373e-08   
..                         ...           ...           ...           ...   
74               san francisco -7.121160e-21 -5.603778e-21 -8.473578e-21   
69          based on a tv show -2.109596e-12 -1.795512e-12 -2.718436e-12   
70                       drugs -2.109596e-12 -1.795512e-12 -2.718436e-12   
65                       court -4.826955e-12 -4.664823e-12 -7.079295e-12   
64                   terrorism -4.826955e-12 -4.664823e-12 -7.079295e-12   
45                 predictable -6.306049e-12 -4.802276e-12 -7.255211e-12   
44                   pointless -6.306049e-12 -4.802276e-12 -7.255211e-12   
50               nudity (rear)  5.539425e-03 -1.817329e-03  2.768984e-03   
48                        wwii  5.539425e-03 -1.817329e-03  2.768984e-03   
47                         war  5.539425e-03 -1.817329e-03  2.768984e-03   
46                world war ii  5.539425e-03 -1.817329e-03  2.768984e-03   
49              best war films  5.539425e-03 -1.817329e-03  2.768984e-03   
21                      sci-fi  6.955777e-02 -9.955247e-02 -2.686716e-01   
19                       anime  6.955777e-02 -9.955247e-02 -2.686716e-01   
18          computer animation  6.955777e-02 -9.955247e-02 -2.686716e-01   
17       video game adaptation  6.955777e-02 -9.955247e-02 -2.686716e-01   
20                        fish  6.955777e-02 -9.955247e-02 -2.686716e-01   
22                         cgi  6.955777e-02 -9.955247e-02 -2.686716e-01   
7                   psychology  1.494262e-01 -1.649712e-01 -2.611301e-01   
6                serial killer  1.494262e-01 -1.649712e-01 -2.611301e-01   
11             hannibal lecter  1.494262e-01 -1.649712e-01 -2.611301e-01   
10                 cannibalism  1.494262e-01 -1.649712e-01 -2.611301e-01   
9                  atmospheric  1.494262e-01 -1.649712e-01 -2.611301e-01   
8                       boring  1.494262e-01 -1.649712e-01 -2.611301e-01   
26                  redemption -5.220220e-02 -2.383806e-01 -7.324016e-01   
28                     cartoon -5.220220e-02 -2.383806e-01 -7.324016e-01   
24                      disney -5.220220e-02 -2.383806e-01 -7.324016e-01   
23             talking animals -5.220220e-02 -2.383806e-01 -7.324016e-01   
27                    animated -5.220220e-02 -2.383806e-01 -7.324016e-01   
25                   animation -5.220220e-02 -2.383806e-01 -7.324016e-01   

             ls4           ls5  
4   1.000000e+00  1.000000e+00  
32  1.749186e-02 -9.571104e-06  
31  1.749186e-02 -9.571104e-06  
33  1.749186e-02 -9.571104e-06  
34  1.749186e-02 -9.571104e-06  
35  1.749186e-02 -9.571104e-06  
36  1.749186e-02 -9.571104e-06  
37  1.749186e-02 -9.571104e-06  
38  1.749186e-02 -9.571104e-06  
1   4.889981e-01  2.355709e-04  
0   4.889981e-01  2.355709e-04  
2   4.889981e-01  2.355709e-04  
3   4.889981e-01  2.355709e-04  
5   4.889981e-01  2.355709e-04  
14  5.103741e-01  2.834517e-04  
13  5.103741e-01  2.834517e-04  
15  5.103741e-01  2.834517e-04  
16  5.103741e-01  2.834517e-04  
12  5.103741e-01  2.834517e-04  
62  6.277569e-04  9.994810e-01  
63  6.277569e-04  9.994810e-01  
58  6.277569e-04  9.994810e-01  
61  6.277569e-04  9.994810e-01  
60  6.277569e-04  9.994810e-01  
59  6.277569e-04  9.994810e-01  
41  2.148274e-06 -2.577810e-08  
42  2.148274e-06 -2.577810e-08  
40  2.148274e-06 -2.577810e-08  
39  2.148274e-06 -2.577810e-08  
54  1.243644e-07 -3.944130e-09  
..           ...           ...  
74 -2.042014e-20  5.889049e-21  
69 -6.195545e-12  1.806855e-12  
70 -6.195545e-12  1.806855e-12  
65 -1.478630e-11  4.388919e-12  
64 -1.478630e-11  4.388919e-12  
45 -1.790392e-11  5.142137e-12  
44 -1.790392e-11  5.142137e-12  
50  2.357941e-02  5.915103e-05  
48  2.357941e-02  5.915103e-05  
47  2.357941e-02  5.915103e-05  
46  2.357941e-02  5.915103e-05  
49  2.357941e-02  5.915103e-05  
21 -2.586633e-01 -4.617107e-03  
19 -2.586633e-01 -4.617107e-03  
18 -2.586633e-01 -4.617107e-03  
17 -2.586633e-01 -4.617107e-03  
20 -2.586633e-01 -4.617107e-03  
22 -2.586633e-01 -4.617107e-03  
7   1.097782e-01  1.509988e-03  
6   1.097782e-01  1.509988e-03  
11  1.097782e-01  1.509988e-03  
10  1.097782e-01  1.509988e-03  
9   1.097782e-01  1.509988e-03  
8   1.097782e-01  1.509988e-03  
26 -1.296263e+00  1.453517e-03  
28 -1.296263e+00  1.453517e-03  
24 -1.296263e+00  1.453517e-03  
23 -1.296263e+00  1.453517e-03  
27 -1.296263e+00  1.453517e-03  
25 -1.296263e+00  1.453517e-03  

[79 rows x 6 columns]
Latent semantic for tag sorted by LS3
                           tag           ls1           ls2           ls3  \
4                       action  9.477088e-01  1.000000e+00  7.353287e-01   
12                     hackers  4.760000e-01  4.996082e-01  3.695667e-01   
16                over the top  4.760000e-01  4.996082e-01  3.695667e-01   
15                     hacking  4.760000e-01  4.996082e-01  3.695667e-01   
14                        cool  4.760000e-01  4.996082e-01  3.695667e-01   
13  nudity (topless - notable)  4.760000e-01  4.996082e-01  3.695667e-01   
1            directorial debut  4.717091e-01  5.003438e-01  3.654518e-01   
0                      zombies  4.717091e-01  5.003438e-01  3.654518e-01   
2                       zombie  4.717091e-01  5.003438e-01  3.654518e-01   
5                       remake  4.717091e-01  5.003438e-01  3.654518e-01   
3     nudity (topless - brief)  4.717091e-01  5.003438e-01  3.654518e-01   
50               nudity (rear)  5.539425e-03 -1.817329e-03  2.768984e-03   
46                world war ii  5.539425e-03 -1.817329e-03  2.768984e-03   
47                         war  5.539425e-03 -1.817329e-03  2.768984e-03   
48                        wwii  5.539425e-03 -1.817329e-03  2.768984e-03   
49              best war films  5.539425e-03 -1.817329e-03  2.768984e-03   
61                        dark -2.966127e-07  4.800926e-05  3.102263e-04   
60                   superhero -2.966127e-07  4.800926e-05  3.102263e-04   
63                  bad acting -2.966127e-07  4.800926e-05  3.102263e-04   
62                      marvel -2.966127e-07  4.800926e-05  3.102263e-04   
58                  comic book -2.966127e-07  4.800926e-05  3.102263e-04   
59       heroine in tight suit -2.966127e-07  4.800926e-05  3.102263e-04   
42                     violent  4.418086e-07  1.777168e-07  6.841843e-07   
41                   hilarious  4.418086e-07  1.777168e-07  6.841843e-07   
40                   slapstick  4.418086e-07  1.777168e-07  6.841843e-07   
39                        gore  4.418086e-07  1.777168e-07  6.841843e-07   
54                   not funny  1.408077e-08  4.502139e-08  8.746373e-08   
52                     england  8.702396e-09  2.782475e-08  5.405556e-08   
53                 buddy movie  8.702396e-09  2.782475e-08  5.405556e-08   
71                      murder  5.378377e-09  1.719664e-08  3.340817e-08   
..                         ...           ...           ...           ...   
65                       court -4.826955e-12 -4.664823e-12 -7.079295e-12   
64                   terrorism -4.826955e-12 -4.664823e-12 -7.079295e-12   
45                 predictable -6.306049e-12 -4.802276e-12 -7.255211e-12   
44                   pointless -6.306049e-12 -4.802276e-12 -7.255211e-12   
34                     wizards -3.589606e-01  5.701283e-01 -2.918198e-02   
33                harry potter -3.589606e-01  5.701283e-01 -2.918198e-02   
32                       magic -3.589606e-01  5.701283e-01 -2.918198e-02   
35                 time travel -3.589606e-01  5.701283e-01 -2.918198e-02   
31                   franchise -3.589606e-01  5.701283e-01 -2.918198e-02   
36                     fantasy -3.589606e-01  5.701283e-01 -2.918198e-02   
37                       witch -3.589606e-01  5.701283e-01 -2.918198e-02   
38                      sequel -3.589606e-01  5.701283e-01 -2.918198e-02   
11             hannibal lecter  1.494262e-01 -1.649712e-01 -2.611301e-01   
9                  atmospheric  1.494262e-01 -1.649712e-01 -2.611301e-01   
8                       boring  1.494262e-01 -1.649712e-01 -2.611301e-01   
7                   psychology  1.494262e-01 -1.649712e-01 -2.611301e-01   
6                serial killer  1.494262e-01 -1.649712e-01 -2.611301e-01   
10                 cannibalism  1.494262e-01 -1.649712e-01 -2.611301e-01   
17       video game adaptation  6.955777e-02 -9.955247e-02 -2.686716e-01   
18          computer animation  6.955777e-02 -9.955247e-02 -2.686716e-01   
19                       anime  6.955777e-02 -9.955247e-02 -2.686716e-01   
20                        fish  6.955777e-02 -9.955247e-02 -2.686716e-01   
21                      sci-fi  6.955777e-02 -9.955247e-02 -2.686716e-01   
22                         cgi  6.955777e-02 -9.955247e-02 -2.686716e-01   
28                     cartoon -5.220220e-02 -2.383806e-01 -7.324016e-01   
25                   animation -5.220220e-02 -2.383806e-01 -7.324016e-01   
24                      disney -5.220220e-02 -2.383806e-01 -7.324016e-01   
27                    animated -5.220220e-02 -2.383806e-01 -7.324016e-01   
23             talking animals -5.220220e-02 -2.383806e-01 -7.324016e-01   
26                  redemption -5.220220e-02 -2.383806e-01 -7.324016e-01   

             ls4           ls5  
4   1.000000e+00  1.000000e+00  
12  5.103741e-01  2.834517e-04  
16  5.103741e-01  2.834517e-04  
15  5.103741e-01  2.834517e-04  
14  5.103741e-01  2.834517e-04  
13  5.103741e-01  2.834517e-04  
1   4.889981e-01  2.355709e-04  
0   4.889981e-01  2.355709e-04  
2   4.889981e-01  2.355709e-04  
5   4.889981e-01  2.355709e-04  
3   4.889981e-01  2.355709e-04  
50  2.357941e-02  5.915103e-05  
46  2.357941e-02  5.915103e-05  
47  2.357941e-02  5.915103e-05  
48  2.357941e-02  5.915103e-05  
49  2.357941e-02  5.915103e-05  
61  6.277569e-04  9.994810e-01  
60  6.277569e-04  9.994810e-01  
63  6.277569e-04  9.994810e-01  
62  6.277569e-04  9.994810e-01  
58  6.277569e-04  9.994810e-01  
59  6.277569e-04  9.994810e-01  
42  2.148274e-06 -2.577810e-08  
41  2.148274e-06 -2.577810e-08  
40  2.148274e-06 -2.577810e-08  
39  2.148274e-06 -2.577810e-08  
54  1.243644e-07 -3.944130e-09  
52  7.686141e-08 -2.437606e-09  
53  7.686141e-08 -2.437606e-09  
71  4.750296e-08 -1.506524e-09  
..           ...           ...  
65 -1.478630e-11  4.388919e-12  
64 -1.478630e-11  4.388919e-12  
45 -1.790392e-11  5.142137e-12  
44 -1.790392e-11  5.142137e-12  
34  1.749186e-02 -9.571104e-06  
33  1.749186e-02 -9.571104e-06  
32  1.749186e-02 -9.571104e-06  
35  1.749186e-02 -9.571104e-06  
31  1.749186e-02 -9.571104e-06  
36  1.749186e-02 -9.571104e-06  
37  1.749186e-02 -9.571104e-06  
38  1.749186e-02 -9.571104e-06  
11  1.097782e-01  1.509988e-03  
9   1.097782e-01  1.509988e-03  
8   1.097782e-01  1.509988e-03  
7   1.097782e-01  1.509988e-03  
6   1.097782e-01  1.509988e-03  
10  1.097782e-01  1.509988e-03  
17 -2.586633e-01 -4.617107e-03  
18 -2.586633e-01 -4.617107e-03  
19 -2.586633e-01 -4.617107e-03  
20 -2.586633e-01 -4.617107e-03  
21 -2.586633e-01 -4.617107e-03  
22 -2.586633e-01 -4.617107e-03  
28 -1.296263e+00  1.453517e-03  
25 -1.296263e+00  1.453517e-03  
24 -1.296263e+00  1.453517e-03  
27 -1.296263e+00  1.453517e-03  
23 -1.296263e+00  1.453517e-03  
26 -1.296263e+00  1.453517e-03  

[79 rows x 6 columns]
Latent semantic for tag sorted by LS4
                           tag           ls1           ls2           ls3  \
4                       action  9.477088e-01  1.000000e+00  7.353287e-01   
14                        cool  4.760000e-01  4.996082e-01  3.695667e-01   
12                     hackers  4.760000e-01  4.996082e-01  3.695667e-01   
16                over the top  4.760000e-01  4.996082e-01  3.695667e-01   
15                     hacking  4.760000e-01  4.996082e-01  3.695667e-01   
13  nudity (topless - notable)  4.760000e-01  4.996082e-01  3.695667e-01   
1            directorial debut  4.717091e-01  5.003438e-01  3.654518e-01   
0                      zombies  4.717091e-01  5.003438e-01  3.654518e-01   
5                       remake  4.717091e-01  5.003438e-01  3.654518e-01   
3     nudity (topless - brief)  4.717091e-01  5.003438e-01  3.654518e-01   
2                       zombie  4.717091e-01  5.003438e-01  3.654518e-01   
8                       boring  1.494262e-01 -1.649712e-01 -2.611301e-01   
10                 cannibalism  1.494262e-01 -1.649712e-01 -2.611301e-01   
11             hannibal lecter  1.494262e-01 -1.649712e-01 -2.611301e-01   
7                   psychology  1.494262e-01 -1.649712e-01 -2.611301e-01   
6                serial killer  1.494262e-01 -1.649712e-01 -2.611301e-01   
9                  atmospheric  1.494262e-01 -1.649712e-01 -2.611301e-01   
50               nudity (rear)  5.539425e-03 -1.817329e-03  2.768984e-03   
46                world war ii  5.539425e-03 -1.817329e-03  2.768984e-03   
47                         war  5.539425e-03 -1.817329e-03  2.768984e-03   
48                        wwii  5.539425e-03 -1.817329e-03  2.768984e-03   
49              best war films  5.539425e-03 -1.817329e-03  2.768984e-03   
36                     fantasy -3.589606e-01  5.701283e-01 -2.918198e-02   
33                harry potter -3.589606e-01  5.701283e-01 -2.918198e-02   
34                     wizards -3.589606e-01  5.701283e-01 -2.918198e-02   
35                 time travel -3.589606e-01  5.701283e-01 -2.918198e-02   
37                       witch -3.589606e-01  5.701283e-01 -2.918198e-02   
31                   franchise -3.589606e-01  5.701283e-01 -2.918198e-02   
32                       magic -3.589606e-01  5.701283e-01 -2.918198e-02   
38                      sequel -3.589606e-01  5.701283e-01 -2.918198e-02   
..                         ...           ...           ...           ...   
78                   espionage  1.744286e-21  2.664010e-21  4.066731e-21   
51                       crime  4.651776e-24 -2.426716e-25  4.888128e-24   
68            nudity (topless) -3.998387e-24  1.101673e-24 -2.608900e-24   
67                   musicians -8.357725e-24  2.517118e-24 -4.681952e-24   
77                       geeks -1.023435e-23  3.487465e-24 -5.765103e-24   
76                      comedy  2.812604e-23 -1.516963e-21 -2.337547e-21   
43                  motorcycle -5.156052e-22 -5.258471e-22 -7.937231e-22   
66                 interesting -2.975062e-21 -3.396216e-21 -5.165978e-21   
74               san francisco -7.121160e-21 -5.603778e-21 -8.473578e-21   
70                       drugs -2.109596e-12 -1.795512e-12 -2.718436e-12   
69          based on a tv show -2.109596e-12 -1.795512e-12 -2.718436e-12   
65                       court -4.826955e-12 -4.664823e-12 -7.079295e-12   
64                   terrorism -4.826955e-12 -4.664823e-12 -7.079295e-12   
44                   pointless -6.306049e-12 -4.802276e-12 -7.255211e-12   
45                 predictable -6.306049e-12 -4.802276e-12 -7.255211e-12   
57                  dreamworks -5.675628e-10  3.143684e-10  3.086845e-11   
56                     pirates -5.675628e-10  3.143684e-10  3.086845e-11   
55                swashbuckler -5.675628e-10  3.143684e-10  3.086845e-11   
21                      sci-fi  6.955777e-02 -9.955247e-02 -2.686716e-01   
17       video game adaptation  6.955777e-02 -9.955247e-02 -2.686716e-01   
18          computer animation  6.955777e-02 -9.955247e-02 -2.686716e-01   
19                       anime  6.955777e-02 -9.955247e-02 -2.686716e-01   
20                        fish  6.955777e-02 -9.955247e-02 -2.686716e-01   
22                         cgi  6.955777e-02 -9.955247e-02 -2.686716e-01   
27                    animated -5.220220e-02 -2.383806e-01 -7.324016e-01   
26                  redemption -5.220220e-02 -2.383806e-01 -7.324016e-01   
28                     cartoon -5.220220e-02 -2.383806e-01 -7.324016e-01   
25                   animation -5.220220e-02 -2.383806e-01 -7.324016e-01   
24                      disney -5.220220e-02 -2.383806e-01 -7.324016e-01   
23             talking animals -5.220220e-02 -2.383806e-01 -7.324016e-01   

             ls4           ls5  
4   1.000000e+00  1.000000e+00  
14  5.103741e-01  2.834517e-04  
12  5.103741e-01  2.834517e-04  
16  5.103741e-01  2.834517e-04  
15  5.103741e-01  2.834517e-04  
13  5.103741e-01  2.834517e-04  
1   4.889981e-01  2.355709e-04  
0   4.889981e-01  2.355709e-04  
5   4.889981e-01  2.355709e-04  
3   4.889981e-01  2.355709e-04  
2   4.889981e-01  2.355709e-04  
8   1.097782e-01  1.509988e-03  
10  1.097782e-01  1.509988e-03  
11  1.097782e-01  1.509988e-03  
7   1.097782e-01  1.509988e-03  
6   1.097782e-01  1.509988e-03  
9   1.097782e-01  1.509988e-03  
50  2.357941e-02  5.915103e-05  
46  2.357941e-02  5.915103e-05  
47  2.357941e-02  5.915103e-05  
48  2.357941e-02  5.915103e-05  
49  2.357941e-02  5.915103e-05  
36  1.749186e-02 -9.571104e-06  
33  1.749186e-02 -9.571104e-06  
34  1.749186e-02 -9.571104e-06  
35  1.749186e-02 -9.571104e-06  
37  1.749186e-02 -9.571104e-06  
31  1.749186e-02 -9.571104e-06  
32  1.749186e-02 -9.571104e-06  
38  1.749186e-02 -9.571104e-06  
..           ...           ...  
78  6.411097e-21 -2.034303e-21  
51  2.269316e-23 -2.470739e-26  
68 -1.797539e-23 -4.288852e-26  
67 -3.621867e-23 -7.968338e-26  
77 -4.557921e-23 -1.760699e-25  
76 -1.593678e-21  6.827373e-22  
43 -1.596872e-21  4.830437e-22  
66 -9.680202e-21  2.944120e-21  
74 -2.042014e-20  5.889049e-21  
70 -6.195545e-12  1.806855e-12  
69 -6.195545e-12  1.806855e-12  
65 -1.478630e-11  4.388919e-12  
64 -1.478630e-11  4.388919e-12  
44 -1.790392e-11  5.142137e-12  
45 -1.790392e-11  5.142137e-12  
57 -1.977492e-09 -9.642145e-12  
56 -1.977492e-09 -9.642145e-12  
55 -1.977492e-09 -9.642145e-12  
21 -2.586633e-01 -4.617107e-03  
17 -2.586633e-01 -4.617107e-03  
18 -2.586633e-01 -4.617107e-03  
19 -2.586633e-01 -4.617107e-03  
20 -2.586633e-01 -4.617107e-03  
22 -2.586633e-01 -4.617107e-03  
27 -1.296263e+00  1.453517e-03  
26 -1.296263e+00  1.453517e-03  
28 -1.296263e+00  1.453517e-03  
25 -1.296263e+00  1.453517e-03  
24 -1.296263e+00  1.453517e-03  
23 -1.296263e+00  1.453517e-03  

[79 rows x 6 columns]
Latent semantic for tag sorted by LS5
                           tag           ls1           ls2           ls3  \
4                       action  9.477088e-01  1.000000e+00  7.353287e-01   
61                        dark -2.966127e-07  4.800926e-05  3.102263e-04   
62                      marvel -2.966127e-07  4.800926e-05  3.102263e-04   
58                  comic book -2.966127e-07  4.800926e-05  3.102263e-04   
59       heroine in tight suit -2.966127e-07  4.800926e-05  3.102263e-04   
63                  bad acting -2.966127e-07  4.800926e-05  3.102263e-04   
60                   superhero -2.966127e-07  4.800926e-05  3.102263e-04   
10                 cannibalism  1.494262e-01 -1.649712e-01 -2.611301e-01   
11             hannibal lecter  1.494262e-01 -1.649712e-01 -2.611301e-01   
8                       boring  1.494262e-01 -1.649712e-01 -2.611301e-01   
9                  atmospheric  1.494262e-01 -1.649712e-01 -2.611301e-01   
7                   psychology  1.494262e-01 -1.649712e-01 -2.611301e-01   
6                serial killer  1.494262e-01 -1.649712e-01 -2.611301e-01   
27                    animated -5.220220e-02 -2.383806e-01 -7.324016e-01   
28                     cartoon -5.220220e-02 -2.383806e-01 -7.324016e-01   
23             talking animals -5.220220e-02 -2.383806e-01 -7.324016e-01   
24                      disney -5.220220e-02 -2.383806e-01 -7.324016e-01   
26                  redemption -5.220220e-02 -2.383806e-01 -7.324016e-01   
25                   animation -5.220220e-02 -2.383806e-01 -7.324016e-01   
16                over the top  4.760000e-01  4.996082e-01  3.695667e-01   
15                     hacking  4.760000e-01  4.996082e-01  3.695667e-01   
14                        cool  4.760000e-01  4.996082e-01  3.695667e-01   
13  nudity (topless - notable)  4.760000e-01  4.996082e-01  3.695667e-01   
12                     hackers  4.760000e-01  4.996082e-01  3.695667e-01   
1            directorial debut  4.717091e-01  5.003438e-01  3.654518e-01   
0                      zombies  4.717091e-01  5.003438e-01  3.654518e-01   
5                       remake  4.717091e-01  5.003438e-01  3.654518e-01   
3     nudity (topless - brief)  4.717091e-01  5.003438e-01  3.654518e-01   
2                       zombie  4.717091e-01  5.003438e-01  3.654518e-01   
46                world war ii  5.539425e-03 -1.817329e-03  2.768984e-03   
..                         ...           ...           ...           ...   
75                     history  5.958752e-21  4.486068e-21  6.783407e-21   
73                      family  2.141494e-15  1.489484e-16  3.114592e-15   
72               based on book  2.141494e-15  1.489484e-16  3.114592e-15   
29                      boxing  1.889775e-13  9.634224e-14  1.461839e-13   
30              dumb but funny  1.889775e-13  9.634224e-14  1.461839e-13   
55                swashbuckler -5.675628e-10  3.143684e-10  3.086845e-11   
56                     pirates -5.675628e-10  3.143684e-10  3.086845e-11   
57                  dreamworks -5.675628e-10  3.143684e-10  3.086845e-11   
71                      murder  5.378377e-09  1.719664e-08  3.340817e-08   
52                     england  8.702396e-09  2.782475e-08  5.405556e-08   
53                 buddy movie  8.702396e-09  2.782475e-08  5.405556e-08   
54                   not funny  1.408077e-08  4.502139e-08  8.746373e-08   
42                     violent  4.418086e-07  1.777168e-07  6.841843e-07   
41                   hilarious  4.418086e-07  1.777168e-07  6.841843e-07   
39                        gore  4.418086e-07  1.777168e-07  6.841843e-07   
40                   slapstick  4.418086e-07  1.777168e-07  6.841843e-07   
33                harry potter -3.589606e-01  5.701283e-01 -2.918198e-02   
31                   franchise -3.589606e-01  5.701283e-01 -2.918198e-02   
34                     wizards -3.589606e-01  5.701283e-01 -2.918198e-02   
35                 time travel -3.589606e-01  5.701283e-01 -2.918198e-02   
36                     fantasy -3.589606e-01  5.701283e-01 -2.918198e-02   
37                       witch -3.589606e-01  5.701283e-01 -2.918198e-02   
38                      sequel -3.589606e-01  5.701283e-01 -2.918198e-02   
32                       magic -3.589606e-01  5.701283e-01 -2.918198e-02   
22                         cgi  6.955777e-02 -9.955247e-02 -2.686716e-01   
21                      sci-fi  6.955777e-02 -9.955247e-02 -2.686716e-01   
20                        fish  6.955777e-02 -9.955247e-02 -2.686716e-01   
19                       anime  6.955777e-02 -9.955247e-02 -2.686716e-01   
18          computer animation  6.955777e-02 -9.955247e-02 -2.686716e-01   
17       video game adaptation  6.955777e-02 -9.955247e-02 -2.686716e-01   

             ls4           ls5  
4   1.000000e+00  1.000000e+00  
61  6.277569e-04  9.994810e-01  
62  6.277569e-04  9.994810e-01  
58  6.277569e-04  9.994810e-01  
59  6.277569e-04  9.994810e-01  
63  6.277569e-04  9.994810e-01  
60  6.277569e-04  9.994810e-01  
10  1.097782e-01  1.509988e-03  
11  1.097782e-01  1.509988e-03  
8   1.097782e-01  1.509988e-03  
9   1.097782e-01  1.509988e-03  
7   1.097782e-01  1.509988e-03  
6   1.097782e-01  1.509988e-03  
27 -1.296263e+00  1.453517e-03  
28 -1.296263e+00  1.453517e-03  
23 -1.296263e+00  1.453517e-03  
24 -1.296263e+00  1.453517e-03  
26 -1.296263e+00  1.453517e-03  
25 -1.296263e+00  1.453517e-03  
16  5.103741e-01  2.834517e-04  
15  5.103741e-01  2.834517e-04  
14  5.103741e-01  2.834517e-04  
13  5.103741e-01  2.834517e-04  
12  5.103741e-01  2.834517e-04  
1   4.889981e-01  2.355709e-04  
0   4.889981e-01  2.355709e-04  
5   4.889981e-01  2.355709e-04  
3   4.889981e-01  2.355709e-04  
2   4.889981e-01  2.355709e-04  
46  2.357941e-02  5.915103e-05  
..           ...           ...  
75  1.688060e-20 -4.832813e-21  
73  1.190948e-14 -3.998380e-18  
72  1.190948e-14 -3.998380e-18  
29  4.899908e-13 -1.316190e-13  
30  4.899908e-13 -1.316190e-13  
55 -1.977492e-09 -9.642145e-12  
56 -1.977492e-09 -9.642145e-12  
57 -1.977492e-09 -9.642145e-12  
71  4.750296e-08 -1.506524e-09  
52  7.686141e-08 -2.437606e-09  
53  7.686141e-08 -2.437606e-09  
54  1.243644e-07 -3.944130e-09  
42  2.148274e-06 -2.577810e-08  
41  2.148274e-06 -2.577810e-08  
39  2.148274e-06 -2.577810e-08  
40  2.148274e-06 -2.577810e-08  
33  1.749186e-02 -9.571104e-06  
31  1.749186e-02 -9.571104e-06  
34  1.749186e-02 -9.571104e-06  
35  1.749186e-02 -9.571104e-06  
36  1.749186e-02 -9.571104e-06  
37  1.749186e-02 -9.571104e-06  
38  1.749186e-02 -9.571104e-06  
32  1.749186e-02 -9.571104e-06  
22 -2.586633e-01 -4.617107e-03  
21 -2.586633e-01 -4.617107e-03  
20 -2.586633e-01 -4.617107e-03  
19 -2.586633e-01 -4.617107e-03  
18 -2.586633e-01 -4.617107e-03  
17 -2.586633e-01 -4.617107e-03  

[79 rows x 6 columns]
Latent semantic for rating sorted by LS1
   rating       ls1       ls2       ls3       ls4       ls5
0       4  0.858600  1.000000  1.000000  1.000000  1.000000
2       5  0.858600  1.000000  1.000000  1.000000  1.000000
3       2  0.000000  0.000000  0.000000  0.000000  0.000000
4       1  0.000000  0.000000  0.000000  0.000000  0.000000
1       3 -0.000021 -0.000015  0.000012  0.000023  0.999855
Latent semantic for rating sorted by LS2
   rating       ls1       ls2       ls3       ls4       ls5
0       4  0.858600  1.000000  1.000000  1.000000  1.000000
2       5  0.858600  1.000000  1.000000  1.000000  1.000000
3       2  0.000000  0.000000  0.000000  0.000000  0.000000
4       1  0.000000  0.000000  0.000000  0.000000  0.000000
1       3 -0.000021 -0.000015  0.000012  0.000023  0.999855
Latent semantic for rating sorted by LS3
   rating       ls1       ls2       ls3       ls4       ls5
0       4  0.858600  1.000000  1.000000  1.000000  1.000000
2       5  0.858600  1.000000  1.000000  1.000000  1.000000
1       3 -0.000021 -0.000015  0.000012  0.000023  0.999855
3       2  0.000000  0.000000  0.000000  0.000000  0.000000
4       1  0.000000  0.000000  0.000000  0.000000  0.000000
Latent semantic for rating sorted by LS4
   rating       ls1       ls2       ls3       ls4       ls5
0       4  0.858600  1.000000  1.000000  1.000000  1.000000
2       5  0.858600  1.000000  1.000000  1.000000  1.000000
1       3 -0.000021 -0.000015  0.000012  0.000023  0.999855
3       2  0.000000  0.000000  0.000000  0.000000  0.000000
4       1  0.000000  0.000000  0.000000  0.000000  0.000000
Latent semantic for rating sorted by LS5
   rating       ls1       ls2       ls3       ls4       ls5
0       4  0.858600  1.000000  1.000000  1.000000  1.000000
2       5  0.858600  1.000000  1.000000  1.000000  1.000000
1       3 -0.000021 -0.000015  0.000012  0.000023  0.999855
3       2  0.000000  0.000000  0.000000  0.000000  0.000000
4       1  0.000000  0.000000  0.000000  0.000000  0.000000
Movie clusters -->
Cluster 1:
['Erin Brockovich', 'U-571', 'Rollerball', 'Pitch Black', 'Romeo Must Die', 'Dungeons & Dragons', 'Enemy at the Gates', 'Collateral Damage', 'Shanghai Knights', 'Daredevil', 'Torque', 'Starsky & Hutch', 'Spartan', 'Charlie and the Chocolate Factory', 'Agent Cody Banks 2: Destination London', 'Digimon: The Movie', 'Scream 3', 'Clubhouse Detectives in Big Trouble', 'Scooby-Doo', 'National Security', 'Final Destination 2', 'What a Girl Wants', 'Constantine', "Madea's Family Reunion", 'Over the Hedge', 'Wonder Boys', 'Kangaroo Jack', "Big Momma's House 2", 'When a Stranger Calls', 'United 300', 'Antitrust', 'Sweet November', 'Panic Room', 'Full Frontal', 'Hot Fuzz', 'Zodiac', '3000 Miles to Graceland', '15 Minutes', 'Stolen Summer', 'Robots', 'Ultraviolet', 'Cloverfield', 'Breach', 'Waitress', 'Assault on Precinct 13', 'Godsend', 'Boogeyman', 'Hannibal Rising', 'Epic Movie', 'Be Cool', 'Alone in the Dark', 'Basic', 'Sinbad: Legend of the Seven Seas', 'Jumper', 'Wild Hogs', 'Freedom Writers', 'Harold & Kumar Escape from Guantanamo Bay', "Nim's Island", 'Chain of Fools', 'Brigham City', 'Eight Below', 'Cradle 2 the Grave', 'Annapolis', 'Half Light', 'Carman: The Champion', 'First Sunday', 'Smart People', 'All About the Benjamins', 'Bandidas', 'Untraceable', 'Because of Winn-Dixie', 'Levity', 'Against the Ropes', 'Stomp the Yard', 'Catch That Kid', 'Texas Rangers', 'Bigger Than the Sky', 'Trois', "My Mom's New Boyfriend"]
Cluster 2:
['Hannibal']
Cluster 3:
['Harry Potter and the Prisoner of Azkaban']
Cluster 4:
['Ice Age', 'Dawn of the Dead', 'Swordfish']
Cluster 5:
['Final Fantasy: The Spirits Within']
Tag Clusters -->
Cluster 1:
['serial killer', 'psychology', 'boring', 'atmospheric', 'cannibalism', 'hannibal lecter', 'video game adaptation', 'computer animation', 'anime', 'fish', 'sci-fi', 'cgi', 'boxing', 'dumb but funny', 'gore', 'slapstick', 'hilarious', 'violent', 'motorcycle', 'pointless', 'predictable', 'world war ii', 'war', 'wwii', 'best war films', 'nudity (rear)', 'crime', 'england', 'buddy movie', 'not funny', 'swashbuckler', 'pirates', 'dreamworks', 'terrorism', 'court', 'interesting', 'musicians', 'nudity (topless)', 'based on a tv show', 'drugs', 'murder', 'based on book', 'family', 'san francisco', 'history', 'comedy', 'geeks']
Cluster 2:
['talking animals', 'disney', 'animation', 'redemption', 'animated', 'cartoon']
Cluster 3:
['comic book', 'heroine in tight suit', 'superhero', 'dark', 'marvel', 'bad acting']
Cluster 4:
['zombies', 'directorial debut', 'zombie', 'nudity (topless - brief)', 'action', 'remake', 'hackers', 'nudity (topless - notable)', 'cool', 'hacking', 'over the top']
Cluster 5:
['franchise', 'magic', 'harry potter', 'wizards', 'time travel', 'fantasy', 'witch', 'sequel']
Rating Clusters -->
Cluster 1:
[2]
Cluster 2:
[4, 5]
Cluster 3:
[3]
Cluster 4:
[]
Cluster 5:
[]

Process finished with exit code 0
